Time (s),ESC signal (µs),Servo 1 (µs),Servo 2 (µs),Servo 3 (µs),AccX (g),AccY (g),AccZ (g),Torque (N·m),Thrust (gf),Voltage (V),Current (A),Motor Electrical Speed (RPM),Motor Optical Speed (RPM),Electrical Power (W),Mechanical Power (W),Motor Efficiency (%),Propeller Mech. Efficiency (gf/W),Overall Efficiency (gf/W),Left Load Cell (mV),Right Load Cell (mV),Thrust Load Cell (mV),Vibration (g),Burst Current Cutoff (A),Pin State ESC,Pin State Servo1,Pin State Servo2,Pin State Servo3,Debug 0,Debug 1,Debug 2,Debug 3,Debug 3,App message,
0,1000,,,,0,0.076171875,-0.994140625,0.00018404822771133183,-2.3357891865054032,15.926627424838415,0,0,0,0.21218396153949187,0,0,0,0,0.11104020748959394,0.024239586262507266,0.03564373256813384,0.05859375,0.011703328030921828,0,1,1,1,0,0,0,0,0,,
0.11331500000000233,1000,,,,0,0.078125,-0.99609375,0.00021323719389712805,-2.1274105658918465,15.926984518074615,0,0,0,0.20660842584304617,0,0,0,0,0.11109009700907066,0.024097669166122198,0.035870380389206466,0.05859375,0.011670365175971528,0,1,1,1,0,0,0,0,0,,
0.21669000000000233,1000,,,,0,0.078125,-0.99609375,0.00021323719389712805,-2.3600398420451523,15.92671147387976,0,0,0,0.21507623864544845,0,0,0,0,0.11109009700907066,0.024097669166122198,0.03561735578235091,0.05859375,0.011705823716762993,0,1,1,1,0,0,0,0,0,,
0.33190499999996975,1000,,,,0,0.078125,-0.99609375,0.0002578232471007894,-2.3600398420451523,15.926971699070318,0,0,0,0.21063403367011735,0,0,0,0,0.11079100132849501,0.023559174127185688,0.03561735578235091,0.05859375,0.01152768598813443,0,1,1,1,0,0,0,0,0,,
0.430789999999979,1000,,,,0,0.078125,-0.99609375,0.00018796917412083097,-3.245219882658493,15.927249592272476,0,0,0,0.17853973505510645,0,0,0,0,0.11057653476855399,0.02381730707258155,0.03465456926005191,0.05859375,0.011589792171128753,0,1,1,1,0,0,0,0,0,,
0.5398600000000442,1000,,,,0,0.078125,-0.99609375,0.00018796917412083097,-3.4256739229601325,15.92642820921567,0,0,0,0.21963394032216668,0,0,0,0,0.11057653476855399,0.02381730707258155,0.03445829425392272,0.05859375,0.011819377363119481,0,1,1,1,0,0,0,0,0,,
0.6443300000000163,1000,,,,0,0.080078125,-0.99609375,0.00025359466285094953,-2.927188156312904,15.927143830937194,0,0,0,0.1716550901708173,0,0,0,0,0.11042369756160318,0.023271068031477556,0.03500048381499019,0.05859375,0.011795535199308888,0,1,1,1,0,0,0,0,0,,
0.7612799999999698,1000,,,,0,0.080078125,-0.99609375,0.00022272208428577653,-2.927188156312904,15.927360419466954,0,0,0,0.20739981788037248,0,0,0,0,0.11064608504119158,0.02365703960388558,0.03500048381499019,0.05859375,0.011941275953181098,0,1,1,1,0,0,0,0,0,,
0.8808250000000116,1000,,,,0.0078125,0.08203125,-1.009765625,0.00044129409540891314,-1.6917053507087698,15.925888283644102,0.03260466438896595,1906,0,0.43831156207585853,0.08809940035264877,20.099720832233352,19.20223456615057,3.8595955413468803,0.11180151106116618,0.023264554803235585,0.03634428523299733,0.0625,0.013326997617856249,0,1,1,1,0,0,0,0,0,,
0.9987899999999791,1000,,,,-0.072265625,0.05078125,-0.982421875,0.00044129409540891314,-1.7697632675112158,15.923001981126287,0.0890462253412051,6929,0,1.3292408904877155,0.3202038497886828,24.08922657135502,5.526989349688218,1.3314089870210561,0.11180151106116618,0.023264554803235585,0.03625938373634354,0.103515625,0.018169325479312555,0,1,1,1,0,0,0,0,0,,
1.1135650000000024,1000,,,,-0.0078125,0.07421875,-1,0.0005579270925354741,-1.4733725215233129,15.92152127356219,0.11532344610992606,7834,0,1.7669212469170767,0.45771033635695957,25.904399370123166,3.2190064424812506,0.833864284610337,0.11260810164840143,0.023218025761503343,0.03658175997900438,0.1484375,0.02248445131808627,0,1,1,1,0,0,0,0,0,,
1.2218099999999976,1000,,,,0.017578125,0.099609375,-0.97265625,0.00047612827970188777,-1.4733725215233129,15.92029338645635,0.1250013692680206,8074,0,1.9039951293169524,0.40255940031810317,21.142879733233304,3.66001270957541,0.7738320854065825,0.11276428368045356,0.023869463413696203,0.03658175997900438,0.181640625,0.02638548312564485,0,1,1,1,0,0,0,0,0,,
1.3244500000000117,1000,,,,-0.052734375,0.03515625,-0.998046875,0.00022189472530149837,-1.7313849572528952,15.92081455130073,0.09532661171612972,8133,0,1.4240175701068196,0.18899110022126248,13.271683172215756,9.161198359213031,1.2158452210129818,0.11136263238551161,0.02427651496673744,0.036301126792185286,0.20703125,0.02765476202943236,0,1,1,1,0,0,0,0,0,,
1.4361450000000187,1000,,,,0,0.078125,-0.99609375,0.00022189472530149837,-0.999724811810218,15.922972636202353,0.0559411721557851,8137,0,0.8480278686486232,0.18907531127548521,22.29588416437146,5.287442369213429,1.1788820258977242,0.11136263238551161,0.02427651496673744,0.03709693385359105,0.189453125,0.027087963100319915,0,1,1,1,0,0,0,0,0,,
1.5355200000000186,1000,,,,0,0.078125,-0.99609375,0.0001539815825337493,-1.5734874837355632,15.925148449679387,0.037710793407646784,8156,0,0.5550945210522089,0.1315173063760401,23.6927768854109,11.964109721321226,2.834629822598394,0.11033798852257945,0.0238278650866779,0.036472867627306484,0.16796875,0.02679755660958984,0,1,1,1,0,0,0,0,0,,
1.648515000000014,1000,,,,-0.005859375,0.072265625,-0.9921875,0.00024914211791146406,-1.5734874837355632,15.92461851755322,0.05020744655870914,8318,0,0.7799538075628079,0.21702640387351319,27.82554579118925,7.25021221220907,2.01741111906663,0.11046409180669146,0.023333866891623572,0.036472867627306484,0.15234375,0.027994693887016954,0,1,1,1,0,0,0,0,0,,
1.777289999999979,1000,,,,-0.015625,0.076171875,-0.98828125,0.00024646053461380044,-0.26571616873896137,15.920565965050105,0.1261572338203873,10940,0,1.909079699721475,0.2823614625924499,14.79044916949486,0.941049696723261,0.13918547705353948,0.11053628182466337,0.023412716631198448,0.03789529531270203,0.1484375,0.034107712038382254,0,1,1,1,0,0,0,0,0,,
1.9129799999999815,1000,,,,-0.017578125,0.064453125,-0.982421875,0.00024646053461380044,-0.731542271016244,15.918210769692315,0.16657508219210465,11758,0,2.5401585539049005,0.3034668803657598,11.946769224277372,2.4106165066004483,0.28799079092589264,0.11053628182466337,0.023412716631198448,0.03738862879015269,0.150390625,0.04074473004591704,0,1,1,1,0,0,0,0,0,,
2.0956199999999954,1000,,,,-0.015625,0.06640625,-0.990234375,0.0002924918935781678,0.2515387227840593,15.916876860204587,0.18859308515446188,11865,0,2.8614009235158075,0.3634110205238976,12.700457930843678,0.6921604150073328,0.08790754232195931,0.11104773830743724,0.023559900469859573,0.03845789954608096,0.150390625,0.0507362665668417,0,1,1,1,0,0,0,0,0,,
2.1974799999999814,1000,,,,-0.001953125,0.07421875,-0.986328125,0.0004479156538726762,0.17230256773812777,15.91876091306446,0.11745039242600563,11917,0,1.806174909838646,0.5589816493901589,30.94836753324712,0.30824369266165974,0.09539639090298313,0.11213649852704144,0.02350981788603972,0.03837171651137973,0.1484375,0.05048393402715087,0,1,1,1,0,0,0,0,0,,
2.307594999999972,1000,,,,0,0.076171875,-0.994140625,0.0004479156538726762,0.1343734581544025,15.922091031927256,0.07178649736528396,11920,0,1.0794892174381685,0.5591359149258431,51.79634088914553,0.2403234250695989,0.12447874048551966,0.11213649852704144,0.02350981788603972,0.038330462039030004,0.134765625,0.04947154680605648,0,1,1,1,0,0,0,0,0,,
2.4090899999999675,1000,,,,0,0.078125,-0.99609375,0.0004192296721937224,0.1343734581544025,15.924136420629013,0.0426773358078487,11933,0,0.6649833038590528,0.5238849667815008,78.78167222263693,0.2564942051686058,0.2020704239859889,0.11145752186696975,0.023109284848213084,0.038330462039030004,0.123046875,0.04819474883169585,0,1,1,1,0,0,0,0,0,,
2.5123800000000047,1000,,,,0,0.080078125,-0.99609375,0.0003778353378492606,0.06307574917209825,15.924750061095931,0.02527394860446404,11935,0,0.4757874936985498,0.47223887573301837,99.25415904946426,0.13356746429270747,0.13257126344742026,0.11137924934925995,0.02330409682383734,0.03825291343859907,0.11328125,0.046862541425853776,0,1,1,1,0,0,0,0,0,,
2.614609999999986,1000,,,,0,0.07421875,-0.990234375,0.0003778353378492606,-0.2072430076897767,15.924947178247912,0.019237385851938498,11209,0,0.3364466531864206,0.4434910266679756,131.8161504855996,0.46729921289914045,0.6159758336931535,0.11137924934925995,0.02330409682383734,0.03795889499727622,0.10546875,0.04572495505639486,0,1,1,1,0,0,0,0,0,,
2.7286350000000095,1000,,,,0,0.080078125,-0.99609375,0.0002264027702585409,-0.2072430076897767,15.926170685005438,0.01620854176931013,0,0,0.2549754670617557,0,0,0,0,0.1109478159609899,0.023892401823002136,0.03795889499727622,0.099609375,0.0446819922603117,0,1,1,1,0,0,0,0,0,,
2.828045000000042,1000,,,,0,0.076171875,-0.9921875,0.0002864434218966048,-0.043194602925054816,15.92615598962108,0,0,0,0.23681337793773086,0,0,0,0,0.11111177149774269,0.0236530608641749,0.038137326034879244,0.09375,0.04347240466524353,0,1,1,1,0,0,0,0,0,,
2.9303399999999673,1000,,,,0,0.078125,-0.99609375,0.0002864434218966048,-0.2460895768912969,15.925920583757925,0,0,0,0.18488804841731787,0,0,0,0,0.11111177149774269,0.0236530608641749,0.03791664262877629,0.087890625,0.04248435404185858,0,1,1,1,0,0,0,0,0,,
3.0335100000000095,1000,,,,0,0.078125,-0.99609375,0.0005169028687879456,-0.6937000710251753,15.925738572784503,0,0,0,0.22118806771683386,0,0,0,0,0.11192832607562672,0.022894874017987107,0.037429788733276015,0.083984375,0.041655876568449324,0,1,1,1,0,0,0,0,0,,
3.1487449999999955,1000,,,,0,0.078125,-0.99609375,0.0005432932069413451,-0.6937000710251753,15.925123330593106,0,0,0,0.2332035673884755,0,0,0,0,0.11262696604223672,0.02332678780916302,0.037429788733276015,0.080078125,0.04082052801371357,1,1,1,1,0,0,0,0,0,,
3.2775149999999558,1000,,,,0,0.080078125,-0.998046875,0.0005498909730520527,-1.2627516239423417,15.925798764713244,0,0,0,0.18098441845051286,0,0,0,0,0.11313701487566731,0.023722267977511678,0.036810846664425995,0.076171875,0.03974810283763326,0,1,1,1,0,0,0,0,0,,
3.4044199999999836,1000,,,,0,0.078125,-0.99609375,0.0005498909730520527,-1.3921393974953624,15.925366786695772,0,0,0,0.231491192172472,0,0,0,0,0.11313701487566731,0.023722267977511678,0.03667011506315671,0.072265625,0.038647688109784493,0,1,1,1,0,0,0,0,0,,
3.506335000000021,1000,,,,0,0.07421875,-0.9921875,0.0005786766458117602,-0.035476167037739446,15.92512720886445,0,0,0,0.24108295221999207,0,0,0,0,0.113354298372912,0.023726396474796074,0.03814572116999818,0.0703125,0.03776497749982849,0,1,1,1,0,0,0,0,0,,
3.615915000000037,1000,,,,0,0.072265625,-0.990234375,0.0004913298111982279,-0.035476167037739446,15.925434608214621,0,0,0,0.18362116418333768,0,0,0,0,0.1122284795361755,0.023313977377082018,0.03814572116999818,0.068359375,0.03692203495097971,0,1,1,1,0,0,0,0,0,,
3.718689999999944,1000,,,,0,0.078125,-0.99609375,0.0004478022557625655,0.7919723937317026,15.926315816763685,0,0,0,0.18478722718475177,0,0,0,0,0.11158712762992011,0.023039602268107418,0.03904571471442167,0.068359375,0.0359358750446502,0,1,1,1,0,0,0,0,0,,
3.8265200000000186,1000,,,,0,0.078125,-0.99609375,0.0004478022557625655,0.27147878822196125,15.926414392620101,0,0,0,0.1533426984654192,0,0,0,0,0.11158712762992011,0.023039602268107418,0.038479587818948106,0.06640625,0.0350555142797017,0,1,1,1,0,0,0,0,0,,
3.933320000000007,1000,,,,0,0.076171875,-0.994140625,0.000284735383806785,-0.14624345817406215,15.926850204582834,0,0,0,0.18658321981494785,0,0,0,0,0.11094234069071714,0.023518628005484515,0.038025242566635496,0.064453125,0.034305263924274444,0,1,1,1,0,0,0,0,0,,
4.0633300000000165,1000,,,,0,0.078125,-0.998046875,0.00032373812170945,-0.14624345817406215,15.92608886601293,0,0,0,0.2129926845785835,0,0,0,0,0.11080048669557394,0.023150250659354336,0.038025242566635496,0.064453125,0.03333471839751493,1,1,1,1,0,0,0,0,0,,
4.199619999999995,1000,,,,0,0.076171875,-0.994140625,0.00015097372891979734,-0.8042373474066363,15.926301217698576,0,0,0,0.21607106244128577,0,0,0,0,0.11071901071009842,0.02417351708541945,0.037309560310775695,0.0625,0.03256380012685006,0,1,1,1,0,0,0,0,0,,
4.39,1000,,,,0,0.078125,-0.99609375,0.00024326783654099194,-1.268175621227552,15.92663525913092,0,0,0,0.19194498631173645,0,0,0,0,0.11086368592273654,0.023713575538078593,0.036804947128463154,0.0625,0.03136987369534417,0,1,1,1,0,0,0,0,0,,
4.4935,1000,,,,0,0.076171875,-0.994140625,0.0002858931094936591,-1.268175621227552,15.926233403721426,0,0,0,0.22282705849417478,0,0,0,0,0.11089519315243765,0.02347088694788502,0.036804947128463154,0.060546875,0.03067972728560905,0,1,1,1,0,0,0,0,0,,
4.6018300000000165,1000,,,,0,0.078125,-0.99609375,0.0002526805315497814,-1.6793353317336976,15.92607929032236,0,0,0,0.1959693990873092,0,0,0,0,0.11052857840827092,0.023366758118601966,0.03635773976993145,0.060546875,0.03016899769465381,0,1,1,1,0,0,0,0,0,,
4.704565000000002,1000,,,,0,0.076171875,-0.994140625,0.0002526805315497814,-1.768185268081212,15.926874168252871,0,0,0,0.1881280131195817,0,0,0,0,0.11052857840827092,0.023366758118601966,0.03626110008388155,0.060546875,0.02948238999296383,0,1,1,1,0,0,0,0,0,,
4.807044999999984,1000,,,,0,0.076171875,-0.994140625,0.00007320550392868929,-1.768185268081212,15.927233263073319,0,0,0,0.2110167329018965,0,0,0,0,0.1102360141927245,0.024251534278686915,0.03626110008388155,0.060546875,0.029157055594717374,0,1,1,1,0,0,0,0,0,,
4.911645000000019,1000,,,,0,0.078125,-0.998046875,0.00031798519321074483,-1.8322310729677036,15.926414521493246,0,0,0,0.2155307960473074,0,0,0,0,0.11086529989740847,0.023242209745515295,0.03619143918448782,0.060546875,0.028646652801916108,0,1,1,1,0,0,0,0,0,,
5.0337249999999765,1000,,,,0,0.080078125,-0.99609375,0.00031798519321074483,-2.300042708409707,15.926362636219674,0,0,0,0.18797273614756269,0,0,0,0,0.11086529989740847,0.023242209745515295,0.03568261305091828,0.060546875,0.02785953853462911,0,1,1,1,0,0,0,0,0,,
5.137859999999986,1000,,,,0,0.078125,-0.99609375,0.0005694536331123441,-1.4002040912450828,15.926903877837653,0,0,0,0.19923221315248782,0,0,0,0,0.1129318734748883,0.023422639895810338,0.036661343312673816,0.060546875,0.027238922042921932,0,1,1,1,0,0,0,0,0,,
5.245965000000026,1000,,,,0,0.078125,-0.99609375,0.0005959940989136927,-1.4002040912450828,15.927228817166505,0,0,0,0.21559318185200776,0,0,0,0,0.113329839537689,0.02359585936136052,0.036661343312673816,0.05859375,0.026868631360679265,0,1,1,1,0,0,0,0,0,,
5.3483649999999905,1000,,,,0,0.080078125,-0.99609375,0.0004775246417342595,-4.014509092990161,15.92721643739765,0,0,0,0.16179049340431773,0,0,0,0,0.11294108549659822,0.024012186894453065,0.03381783407684085,0.05859375,0.02626017455723358,0,1,1,1,0,0,0,0,0,,
5.450969999999972,1000,,,,0,0.07421875,-0.990234375,0.0004775246417342595,-2.9234019605587394,15.927237625121293,0,0,0,0.19641155933022955,0,0,0,0,0.11294108549659822,0.024012186894453065,0.03500460195827816,0.05859375,0.025948085161419516,0,1,1,1,0,0,0,0,0,,
5.567719999999972,1000,,,,0,0.078125,-0.99609375,0.0001809347212023482,-2.2589186090877256,15.926541957355976,0,0,0,0.17692126558313673,0,0,0,0,0.11099936142484804,0.024224271777044643,0.035727342627673596,0.05859375,0.025134396643510415,0,1,1,1,0,0,0,0,0,,
5.699044999999984,1000,,,,0,0.076171875,-0.994140625,0.00012855247880406894,-2.2589186090877256,15.927092787048743,0,0,0,0.19807915303604473,0,0,0,0,0.11048306164178624,0.024113119263808377,0.035727342627673596,0.05859375,0.0245945725968675,0,1,1,1,0,0,0,0,0,,
5.8064100000000325,1000,,,,0,0.072265625,-0.990234375,0.00011812222363653,-1.742810845178275,15.927246164169642,0,0,0,0.18463735411408874,0,0,0,0,0.11020280353497881,0.023938869687264875,0.036288699161200484,0.060546875,0.02422226125961226,0,1,1,1,0,0,0,0,0,,
5.91434500000003,1000,,,,0,0.078125,-0.99609375,0.00011812222363653,-1.4001656908938753,15.927740300067814,0,0,0,0.21367395530654068,0,0,0,0,0.11020280353497881,0.023938869687264875,0.036661385079703006,0.060546875,0.02395063080002187,0,1,1,1,0,0,0,0,0,,
6.023414999999979,1000,,,,0,0.078125,-0.99609375,0.0003842878830313154,-1.737846989458839,15.927819105277548,0.015369800656896072,0,0,0.20560552491754058,0,0,0,0,0.11193862184538331,0.023742777184130124,0.03629409821355824,0.05859375,0.023712412382593338,0,1,1,1,0,0,0,0,0,,
6.130640000000014,1000,,,,0,0.072265625,-0.9921875,0.0005448674665270493,-1.737846989458839,15.927813271398797,0.015007398124229375,0,0,0.18936225944130458,0,0,0,0,0.11231307028209905,0.023047748687321647,0.03629409821355824,0.05859375,0.023412335621795677,0,1,1,1,0,0,0,0,0,,
6.242270000000018,1000,,,,0,0.072265625,-0.9921875,0.0004333718964036779,-1.813250747949087,15.92668583420694,0.01703520733807285,0,0,0.2345087158792311,0,0,0,0,0.11179154969807899,0.02330614078881005,0.036212083573514166,0.060546875,0.023257219729741884,0,1,1,1,0,0,0,0,0,,
6.362765000000014,1000,,,,0,0.078125,-0.99609375,0.0004333718964036779,-1.8283970114265284,15.926677935341964,0,0,0,0.23796181375967773,0,0,0,0,0.11179154969807899,0.02330614078881005,0.03619560939010492,0.060546875,0.02271133907430641,0,1,1,1,0,0,0,0,0,,
6.496134999999951,1000,,,,0,0.076171875,-0.994140625,0.00014476262286932417,-1.8371804633935425,15.927457896335952,0,0,0,0.2285793027261953,0,0,0,0,0.10993881904204224,0.023544017931124737,0.03618605586564085,0.060546875,0.022302416882821616,0,1,1,1,0,0,0,0,0,,
6.68323000000004,1000,,,,0,0.080078125,-0.99609375,0.000012048425259405475,-1.869186476054369,15.92628140882324,0,0,0,0.23478902623578746,0,0,0,0,0.10941588153375688,0.02393544925104877,0.036151243786506054,0.05859375,0.021897502687625404,0,1,1,1,0,0,0,0,0,,
6.788395000000019,1000,,,,0,0.078125,-0.99609375,0.000005798748199258042,-1.8763827896763683,15.926257293866398,0,0,0,0.19678885184417916,0,0,0,0,0.10929830292894258,0.023874200984398904,0.036143416549732056,0.05859375,0.021496540155858043,0,1,1,1,0,0,0,0,0,,
6.896869999999995,1000,,,,0,0.080078125,-0.99609375,0.0001437638320682696,-1.8763827896763683,15.926258102392284,0,0,0,0.23859846326585504,0,0,0,0,0.10974415170875569,0.023383464226384112,0.036143416549732056,0.05859375,0.021313044618395397,0,1,1,1,0,0,0,0,0,,
7.000015000000014,1000,,,,0,0.076171875,-0.994140625,0.00009003087373823907,-1.9582841585863626,15.925968217309366,0.017228374779594213,0,0,0.2275863088432898,0,0,0,0,0.10999580083493332,0.02393916102295546,0.0360543346335947,0.05859375,0.02129024231304485,0,1,1,1,0,0,0,0,0,,
7.120910000000032,1000,,,,0,0.078125,-0.99609375,0.00009003087373823907,-1.8770410171067446,15.926008858407837,0.01759535734048224,0,0,0.24263812115771663,0,0,0,0,0.10999580083493332,0.02393916102295546,0.036142700613459776,0.05859375,0.02118855965730787,0,1,1,1,0,0,0,0,0,,
7.225434999999997,1000,,,,0,0.080078125,-0.99609375,0.0002405944203728162,-2.2088151552859685,15.926232848793658,0,0,0,0.290294252347326,0,0,0,0,0.11125472259353311,0.02406569613527687,0.0357818388067871,0.05859375,0.020739360543842407,0,1,1,1,0,0,0,0,0,,
7.332604999999981,1000,,,,0,0.078125,-0.99609375,0.0002672199398365581,-2.2088151552859685,15.926272295870866,0,0,0,0.19726873995251104,0,0,0,0,0.11149957866690398,0.024107128120394363,0.0357818388067871,0.05859375,0.020095620317698785,0,1,1,1,0,0,0,0,0,,
7.434614999999991,1000,,,,0,0.076171875,-0.994140625,0.00017575847698829362,-2.012144144944524,15.926822623696438,0,0,0,0.17879759755403596,0,0,0,0,0.11108636455812156,0.024331603793422238,0.035995752575055606,0.05859375,0.020007924614222346,0,1,1,1,0,0,0,0,0,,
7.542354999999981,1000,,,,0,0.080078125,-0.99609375,0.00017575847698829362,-2.243655006946507,15.926894028901106,0,0,0,0.1671445317935885,0,0,0,0,0.11108636455812156,0.024331603793422238,0.035743944437191484,0.05859375,0.0198612785219518,0,1,1,1,0,0,0,0,0,,
7.651224999999977,1000,,,,0,0.078125,-0.99609375,0.00013335462725137158,-2.243655006946507,15.926083109307163,0,0,0,0.19626703268683232,0,0,0,0,0.1107792082270708,0.024336598783219206,0.035743944437191484,0.05859375,0.0197309760835507,0,1,1,1,0,0,0,0,0,,
7.763275000000023,1000,,,,0,0.080078125,-0.99609375,0.0001459857839539371,-2.327053557599722,15.926229012765935,0,0,0,0.17016289469678517,0,0,0,0,0.11071543029053622,0.02420200743889467,0.03565323407674035,0.05859375,0.019312647816282256,0,1,1,1,0,0,0,0,0,,
7.8720150000000135,1000,,,,0,0.078125,-0.99609375,0.0001459857839539371,-2.3445800893987134,15.926855374612833,0,0,0,0.18680628989754813,0,0,0,0,0.11071543029053622,0.02420200743889467,0.035634170939497646,0.05859375,0.01912161278649265,0,1,1,1,0,0,0,0,0,,
8.01936499999999,1000,,,,0,0.078125,-0.99609375,0.00010295237119338397,-1.5745080980548796,15.926605553259236,0,0,0,0.16390009163459351,0,0,0,0,0.11078549088553674,0.02453434462557175,0.03647175753256189,0.05859375,0.018794913041255686,0,1,1,1,0,0,0,0,0,,
8.121119999999996,1000,,,,0,0.078125,-0.99609375,0.00012829912218977003,-1.1104771102961513,15.926871201676487,0,0,0,0.1685616724553683,0,0,0,0,0.11070701601640216,0.024306701028091675,0.03697647155733095,0.05859375,0.01845808066493258,0,1,1,1,0,0,0,0,0,,
8.23041499999998,1000,,,,0,0.080078125,-0.99609375,0.00007780236588044494,-1.1104771102961513,15.926726959884064,0,0,0,0.16462261197829028,0,0,0,0,0.11075858619792131,0.024670409650310702,0.03697647155733095,0.05859375,0.0182142737102373,0,1,1,1,0,0,0,0,0,,
8.332984999999987,1000,,,,0,0.080078125,-0.99609375,0.00010102910856964177,-0.31071945558325953,15.92701331658524,0,0,0,0.18946975350172665,0,0,0,0,0.110610450708141,0.02439646505021209,0.03784634644801364,0.05859375,0.017845766665400758,0,1,1,1,0,0,0,0,0,,
8.441049999999988,1000,,,,0,0.080078125,-0.99609375,0.00010102910856964177,-0.3880550410913299,15.926985398850935,0,0,0,0.19057635560603725,0,0,0,0,0.110610450708141,0.02439646505021209,0.037762230611680866,0.05859375,0.017674213420450998,0,1,1,1,0,0,0,0,0,,
8.548674999999989,1000,,,,0,0.072265625,-0.990234375,0.00002128608248909535,-0.3880550410913299,15.926581391135937,0,0,0,0.18135485285445635,0,0,0,0,0.10927513950560248,0.023756353797856723,0.037762230611680866,0.05859375,0.017078674444636607,0,1,1,1,0,0,0,0,0,,
8.663830000000017,1000,,,,0,0.076171875,-0.994140625,-0.00008859475007536053,-0.4517194013226045,15.926747560188314,0,0,0,0.20101183722295218,0,0,0,0,0.10898197994423019,0.024200285394405795,0.037692984599379246,0.05859375,0.016890349733624483,0,1,1,1,0,0,0,0,0,,
8.788445000000007,1000,,,,0,0.076171875,-0.994140625,0.0001750013829481361,-1.0582887000705299,15.926663025806839,0,0,0,0.19001666485058405,0,0,0,0,0.11018015457473133,0.02355957044618423,0.03703323548746953,0.05859375,0.01653835349293145,0,1,1,1,0,0,0,0,0,,
8.932224999999976,1000,,,,0,0.080078125,-0.99609375,0.0001750013829481361,-1.3617967835259306,15.925824706823214,0,0,0,0.13262892971504453,0,0,0,0,0.11018015457473133,0.02355957044618423,0.03670311790827379,0.05859375,0.016098410415906005,1,1,1,1,0,0,0,0,0,,
9.119844999999971,1000,,,,0,0.072265625,-0.990234375,0.00007738552577686175,-1.5584096299883146,15.926968156582507,0,0,0,0.19103912745481025,0,0,0,0,0.10990826866308172,0.023944135724787135,0.036489267403292155,0.05859375,0.01596753133194196,0,1,1,1,0,0,0,0,0,,
9.221589999999967,1004,,,,0,0.076171875,-0.994140625,-0.00014893864614778208,-1.4758569407396656,15.92733907347316,0,0,0,0.18242007246412756,0,0,0,0,0.10913190034226643,0.024710606552927967,0.0365790577430439,0.060546875,0.015875520741880454,0,1,1,1,0,0,0,0,0,,
9.330690000000002,1007,,,,0,0.078125,-0.99609375,-0.00014893864614778208,-1.3388073881385005,15.927063373765066,0,0,0,0.19620891053153172,0,0,0,0,0.10913190034226643,0.024710606552927967,0.036728122855312004,0.05859375,0.015561407908764714,0,1,1,1,0,0,0,0,0,,
9.434399999999965,1011,,,,0,0.080078125,-0.99609375,0.00011519202567041685,-1.3388073881385005,15.926751880980854,0,0,0,0.2125915441602505,0,0,0,0,0.11025593485912519,0.02400295491219251,0.036728122855312004,0.05859375,0.01546570257725081,0,1,1,1,0,0,0,0,0,,
9.541165000000037,1014,,,,0,0.076171875,-0.994140625,0.00017265383995390216,-1.2096279440668245,15.926006646433096,0,0,0,0.21573386041204506,0,0,0,0,0.11074949254262267,0.02406247307669052,0.036868627862207674,0.05859375,0.01510030351953376,0,1,1,1,0,0,0,0,0,,
9.643450000000012,1018,,,,0,0.076171875,-0.9921875,0.00017265383995390216,-1.1818528029449786,15.926167542540046,0,0,0,0.21888749903404625,0,0,0,0,0.11074949254262267,0.02406247307669052,0.036898838136163396,0.05859375,0.015030989336736732,0,1,1,1,0,0,0,0,0,,
9.758505000000005,1021,,,,0,0.07421875,-0.994140625,0.0004950273899565897,-1.1678252307476116,15.926531286405167,0,0,0,0.1775862259888876,0,0,0,0,0.11144215762469876,0.02261652931867082,0.03691409554915572,0.05859375,0.014770088262943744,0,1,1,1,0,0,0,0,0,,
9.858450000000012,1025,,,,0,0.080078125,-0.99609375,0.0005209458847476784,-1.1678252307476116,15.9262929496975,0,0,0,0.22722744497347566,0,0,0,0,0.11159659889620234,0.02258492916359564,0.03691409554915572,0.05859375,0.014772425305240538,0,1,1,1,0,0,0,0,0,,
9.96627000000002,1028,,,,0,0.076171875,-0.994140625,0.0005209458847476784,-1.6444081473133356,15.926112779645605,0.018448125937678736,0,0,0.302234008475164,0,0,0,0,0.11159659889620234,0.02258492916359564,0.03639572912902102,0.05859375,0.015135128421306045,0,1,1,1,0,0,0,0,0,,
10.069140000000013,1032,,,,0,0.078125,-0.99609375,0.00029551407543444296,-1.995561350610998,15.92570463284451,0.01674817125958101,0,0,0.22379708996603637,0,0,0,0,0.11170626568765148,0.024105283117947515,0.036013789234439965,0.05859375,0.015128104585149495,0,1,1,1,0,0,0,0,0,,
10.179964999999967,1035,,,,0,0.076171875,-0.994140625,0.00041370800902506346,-1.995561350610998,15.925818940287016,0,0,0,0.2160329059489512,0,0,0,0,0.11304655653608436,0.024506377652560786,0.036013789234439965,0.05859375,0.014945784674276754,0,1,1,1,0,0,0,0,0,,
10.30148999999999,1039,,,,-0.00390625,0.072265625,-1,0.0005843787667243683,-1.900824151946038,15.91321239273485,0.31520993671105996,0,0,4.9372603136373545,0,0,0,0,0.11380527947021876,0.0240769093476653,0.03611683233736825,0.0625,0.03601081511107833,0,1,1,1,0,0,0,0,0,,
10.448700000000011,1043,,,,-0.0546875,0.064453125,-0.982421875,0.0005843787667243683,-1.1231530722237648,15.9011402593387,0.5306599375605153,993,0,8.302774143856551,0.060795611830907065,0.7322325138266154,18.4742457292416,0.1352744339137319,0.11380527947021876,0.0240769093476653,0.03696268425447601,0.08203125,0.062434385118499,0,1,1,1,0,0,0,0,0,,
10.551075000000012,1048,,,,-0.0078125,0.078125,-0.984375,-0.0032235797961367757,0.4460532706028364,15.906045059067322,0.39018977133517035,2877,0,6.046329791210308,0.9713593388661077,16.065272196667067,0.45920521145503745,0.07377256716153237,0.10262157794458347,0.03858358511472671,0.03866946778806396,0.099609375,0.07221460829843931,0,1,1,1,0,0,0,0,0,,
10.661765000000013,1051,,,,-0.01171875,0.064453125,-0.9765625,-0.002990018583522638,3.0295601897335325,15.908404450624854,0.34895434718135554,3966,0,5.357148170039089,1.2419383886793693,23.18282693066351,2.4393804212421943,0.5655173412370685,0.10084678045068858,0.035584407510280525,0.04147947877778506,0.111328125,0.07970308909899715,0,1,1,1,0,0,0,0,0,,
10.767384999999951,1055,,,,-0.009765625,0.06640625,-0.986328125,-0.002949295675179033,3.0295601897335325,15.908298905968174,0.3545043841363436,5362,0,5.479081774627985,1.6561389616969462,30.22657864618919,1.829291055763415,0.5529320996380331,0.0996810635470134,0.03432746800895696,0.04147947877778506,0.12109375,0.08940532713972615,0,1,1,1,0,0,0,0,0,,
10.882244999999996,1059,,,,-0.041015625,0.083984375,-0.986328125,-0.002690423650735384,6.551816388391203,15.90755253548841,0.35633242974160206,5750,0,5.520209748039722,1.6201117982199482,29.348736228641766,4.04405201887291,1.1868781599680727,0.10105366240789643,0.03386616367212853,0.04531054211016881,0.134765625,0.0980022014849875,0,1,1,1,0,0,0,0,0,,
11.009785000000033,1062,,,,0.0234375,0.107421875,-1.00390625,-0.002690423650735384,9.652768644575215,15.907026242649643,0.3680902382798727,6714,0,5.730103895226119,1.8916458898081119,33.01241869949488,5.1028412329087605,1.684571313378307,0.10105366240789643,0.03386616367212853,0.0486833644757499,0.17578125,0.10817809463828058,0,1,1,1,0,0,0,0,0,,
11.152414999999978,1067,,,,-0.03125,0.0625,-0.978515625,-0.002508327559517509,14.853950382851307,15.905146099924151,0.3933844267858094,7303,0,6.134647414045604,1.9184195955488215,31.271880290242876,7.74280580604781,2.421320962773246,0.10255851489943721,0.03400400441571475,0.0543405499610554,0.234375,0.12014603088406026,0,1,1,1,0,0,0,0,0,,
11.341515000000014,1074,,,,-0.02734375,0.076171875,-0.99609375,-0.00282437268746049,21.136120821282258,15.904348010959158,0.4120548095307583,7787,0,6.42621660113705,2.303219554049715,35.84098851635634,9.176772046815488,3.2890458154713382,0.10116922243212932,0.034812742493823115,0.06117349778115719,0.234375,0.1401042186185849,0,1,1,1,0,0,0,0,0,,
11.442724999999976,1078,,,,0.05078125,0.0078125,-0.943359375,-0.00282437268746049,23.285681287820527,15.903988983272301,0.4321231068155845,8063,0,6.754210981441679,2.3849154110551347,35.3100520195192,9.763734671628656,3.4475797915999102,0.10116922243212932,0.034812742493823115,0.06351151688585345,0.236328125,0.1507498304541799,0,1,1,1,0,0,0,0,0,,
11.550405000000028,1081,,,,-0.01171875,0.06640625,-0.9609375,-0.003123282037419915,25.995821262912184,15.90178935902652,0.466709237717178,8166,0,7.2870529539377955,2.670893378007005,36.65258637325671,9.733005996034935,3.5673984294109595,0.09899026568607258,0.03483614160613429,0.06645926324461006,0.234375,0.1620241990252375,0,1,1,1,0,0,0,0,0,,
11.653544999999983,1085,,,,-0.025390625,0.072265625,-0.96484375,-0.0033491192806286386,25.995821262912184,15.898374135502756,0.5026685653601781,8600,0,7.869596082769394,3.0163569825551133,38.329247788961816,8.618284047033283,3.3033234475439532,0.09950520624366278,0.036706470609810124,0.06645926324461006,0.234375,0.174749009725205,0,1,1,1,0,0,0,0,0,,
11.766065000000003,1088,,,,0.01171875,0.056640625,-0.98046875,-0.0033491192806286386,29.33562052353681,15.896131379855463,0.5481174889225158,8848,0,8.567471281228872,3.103038931367917,36.21884252085679,9.45383579528754,3.4240698988755836,0.09950520624366278,0.036706470609810124,0.07009187307287228,0.23046875,0.18839974968291426,0,1,1,1,0,0,0,0,0,,
11.875554999999993,1092,,,,0.00390625,0.0703125,-0.9765625,-0.0034581757778278394,32.53020087775715,15.893992374329049,0.5923254319825695,9371,0,9.249927633854249,3.39372173134068,36.68917061491202,9.585406068312558,3.5168059865353247,0.09988745312093818,0.03772416010926344,0.07356653220245836,0.234375,0.2035924071638314,1,1,1,1,0,0,0,0,0,,
11.982880000000005,1096,,,,-0.0078125,0.0859375,-0.9921875,-0.0037242133079976487,32.53020087775715,15.891617994414709,0.6229797612136024,9839,0,9.779588197733005,3.8372733001658643,39.23757547434746,8.477426113055605,3.3263364693922326,0.09986009393566753,0.03938397156017023,0.07356653220245836,0.232421875,0.21881273368086596,0,1,1,1,0,0,0,0,0,,
12.091704999999958,1099,,,,-0.033203125,0.0703125,-0.986328125,-0.004090569489783493,38.257676960625815,15.890019391472112,0.6807545527361368,10245,0,10.681320441066978,4.388582901515121,41.08652039538228,8.71754682984744,3.581736656222269,0.09877463673834637,0.04077149060544107,0.07979615389112064,0.234375,0.23646246051995787,0,1,1,1,0,0,0,0,0,,
12.206090000000026,1103,,,,-0.048828125,0.091796875,-0.970703125,-0.004090569489783493,41.92603190796313,15.887113893472389,0.72717368195884,10629,0,11.420681286843738,4.553045748133166,39.86667374544573,9.208348483024487,3.6710622470710734,0.09877463673834637,0.04077149060544107,0.08378612490295913,0.232421875,0.2546459634468159,0,1,1,1,0,0,0,0,0,,
12.3065,1107,,,,-0.033203125,0.0625,-0.978515625,-0.004609576841666953,46.1000402849804,15.884363493731788,0.7528580785388934,11014,0,11.857034981160133,5.316657581494544,44.83968875812783,8.67086878896222,3.8879905775963066,0.0957762231294995,0.04148503004861899,0.08832608155016372,0.22265625,0.2728065187621512,0,1,1,1,0,0,0,0,0,,
12.418535000000032,1110,,,,-0.033203125,0.044921875,-0.986328125,-0.004738914571642275,46.1000402849804,15.881815086303526,0.7679198029859797,11174,0,12.111362572143394,5.544955597717046,45.78308645858444,8.31387005226166,3.806346314081315,0.09517266403044662,0.04178598724436005,0.08832608155016372,0.216796875,0.28940527630681917,0,1,1,1,0,0,0,0,0,,
12.538020000000019,1114,,,,-0.009765625,0.0546875,-0.984375,-0.005118619663028321,53.16596985072337,15.880873733052612,0.7979280545265497,11466,0,12.542618496090068,6.1461825530206315,49.002387778410004,8.650242551711091,4.238825398962496,0.093293275600815,0.04257739135931725,0.096011503092992,0.205078125,0.30807276490129376,0,1,1,1,0,0,0,0,0,,
12.67951000000001,1118,,,,-0.017578125,0.08203125,-0.990234375,-0.005118619663028321,55.08940679733123,15.879675758368904,0.8161551338911293,11720,0,12.895452440976285,6.2821591365755065,48.71608162125018,8.76918358794732,4.272002634221691,0.093293275600815,0.04257739135931725,0.09810357372689699,0.197265625,0.3275807963286024,0,1,1,1,0,0,0,0,0,,
12.788429999999993,1122,,,,0.025390625,0.076171875,-0.99609375,-0.005482067090653052,57.35859659433328,15.87741278758774,0.8566870747843741,11869,0,13.52321851401317,6.813638481068092,50.3847399493515,8.418203688632135,4.241490036924017,0.09184786572225022,0.043637946680156685,0.10057171043677826,0.1953125,0.35211788999838367,0,1,1,1,0,0,0,0,0,,
12.899600000000035,1126,,,,-0.009765625,0.072265625,-0.98046875,-0.0056372729969634385,58.88687804794894,15.87557896195665,0.8912478529994083,11998,0,14.042102446363742,7.08294608864454,50.4407806145774,8.3138961261271,4.193594105503619,0.0916140422139643,0.04441952187038577,0.1022339810690907,0.201171875,0.37084665190647464,0,1,1,1,0,0,0,0,0,,
13.003430000000051,1130,,,,0.10546875,0.07421875,-0.955078125,-0.005732017688627235,58.88687804794894,15.874853150837724,0.9151445490549833,12224,0,14.420001358768626,7.337359947457578,50.8832125941224,8.02562208609562,4.083694348068875,0.09133438215085662,0.044779256622434545,0.1022339810690907,0.20703125,0.3904519956508559,0,1,1,1,0,0,0,0,0,,
13.120769999999961,1133,,,,-0.0703125,0.07421875,-0.955078125,-0.0058886587912847,63.67715094832446,15.872964977872806,0.9370775689740489,12296,0,14.710329046748553,7.582282295281737,51.54393400165077,8.398150908724295,4.328737361751886,0.09118023526933024,0.045638213141290365,0.1074442320632501,0.220703125,0.4085754926484893,0,1,1,1,0,0,0,0,0,,
13.348130000000005,1141,,,,-0.001953125,0.07421875,-0.982421875,-0.006087772562478551,68.66164046726378,15.86869187866742,0.994075278551786,12780,0,15.640274884423533,8.14711138585916,52.090589494517346,8.427728211306762,4.390053306265435,0.09108325492230866,0.04681490584438307,0.11286572724975497,0.26953125,0.4502869669741462,0,1,1,1,0,0,0,0,0,,
13.464625,1145,,,,-0.0625,0.09375,-0.9921875,-0.006354876705891723,68.66164046726378,15.866585664510492,1.0425946347321435,13073,0,16.432102865127472,8.699610648497135,52.94277135374814,7.892495795673929,4.178506003207834,0.09036314895746747,0.047887627794608194,0.11286572724975497,0.27734375,0.47353216019572564,0,1,1,1,0,0,0,0,0,,
13.60588500000001,1149,,,,-0.0546875,0.083984375,-0.974609375,-0.006439721888630923,73.50144193848084,15.864080142473647,1.084854780989729,13319,0,17.05434843852509,8.982147145294796,52.66778251700595,8.183059211736895,4.30983582887541,0.09056166374678046,0.04859462893644111,0.11812984913829414,0.275390625,0.4963878421346946,1,1,1,1,0,0,0,0,0,,
13.803840000000026,1156,,,,0,0.095703125,-0.986328125,-0.006933450728648643,78.8000075333333,15.861371087885754,1.127265062150492,13626,0,17.739658125835156,9.893508763355953,55.77057175046423,7.964819096860408,4.44202514920921,0.08845312007907422,0.04991104352478202,0.12389295642515344,0.306640625,0.5410828714505573,0,1,1,1,0,0,0,0,0,,
13.908465000000026,1160,,,,-0.005859375,0.080078125,-1.001953125,-0.007291266531378095,78.8000075333333,15.858552853766067,1.1538304207834738,13830,0,18.168624071322885,10.559864894902466,58.121434256378365,7.462217397437746,4.3371477787198085,0.086839555362883,0.05079182048999136,0.12389295642515344,0.36328125,0.5637886734345764,1,1,1,1,0,0,0,0,0,,
14.017640000000014,1163,,,,-0.025390625,0.064453125,-0.97265625,-0.007707280361157396,81.4230083478632,15.855116271865908,1.2177631790079475,13896,0,19.17454091322883,11.215702935413367,58.49268040454344,7.259732966961136,4.246412402587857,0.08510964778215105,0.05194109447225876,0.12674592386266914,0.376953125,0.5868254578673944,0,1,1,1,0,0,0,0,0,,
14.123775000000023,1167,,,,-0.03515625,0.029296875,-1.02734375,-0.007707280361157396,85.40203331475888,15.853133307895407,1.2788854126372908,14229,0,20.113022867101062,11.484625258101069,57.10044349865733,7.4362054830232855,4.246106310277769,0.08510964778215105,0.05194109447225876,0.13107380229897453,0.34765625,0.6124135409430069,0,1,1,1,0,0,0,0,0,,
14.235309999999998,1170,,,,-0.015625,0.072265625,-0.98046875,-0.008261004561783176,89.20144117742336,15.850683576666746,1.301478334901748,14451,0,20.49591418056025,12.501352183685134,60.99436245465102,7.135343430595895,4.3521572344417905,0.08371633818868218,0.054250224592641116,0.13520631604200423,0.3125,0.6360100316719642,1,1,1,1,0,0,0,0,0,,
14.337269999999961,1174,,,,-0.015625,0.06640625,-0.9921875,-0.008397457509049843,89.20144117742336,15.848808813400034,1.328028282730917,14425,0,20.91019598103644,12.68481323183401,60.663291933456435,7.03214462421583,4.265930422570912,0.08376741237083299,0.05515736736269735,0.13520631604200423,0.28515625,0.6605043770494331,0,1,1,1,0,0,0,0,0,,
14.447119999999995,1178,,,,-0.017578125,0.078125,-0.986328125,-0.008397457509049843,92.22828116226988,15.846922565108173,1.351566651672036,14615,0,21.21932422629597,12.852435078368387,60.56948346376202,7.175938302734319,4.346428763644429,0.08376741237083299,0.05515736736269735,0.13849852848338134,0.26171875,0.6819212360818447,0,1,1,1,0,0,0,0,0,,
14.551825000000012,1181,,,,-0.017578125,0.080078125,-0.984375,-0.008464601554471471,96.81160244023971,15.844264365929462,1.3880066766211963,14988,0,21.823174009204408,13.285313256007413,60.877089878878465,7.287114769120179,4.436183407574319,0.08380464951171752,0.055614119587940804,0.14348368376403817,0.2421875,0.7086588556288967,0,1,1,1,0,0,0,0,0,,
14.662690000000003,1185,,,,-0.025390625,0.07421875,-0.978515625,-0.008778650372085159,96.81160244023971,15.842700285509613,1.4201781481428748,15113,0,22.34169312866927,13.893038046059429,62.1843562439394,6.968353654490928,4.333225860846208,0.08219962556897357,0.05622529679378666,0.14348368376403817,0.2265625,0.7329249534125049,0,1,1,1,0,0,0,0,0,,
14.765989999999992,1188,,,,-0.009765625,0.052734375,-0.98046875,-0.00898805823734274,100.38624164620694,15.840377319804977,1.45369319583892,15324,0,22.89349030038847,14.422983562137517,63.00036985576104,6.960157807413425,4.384925161215087,0.0811975847772212,0.05669128376907524,0.14737172268457477,0.220703125,0.7588781562395864,0,1,1,1,0,0,0,0,0,,
14.878950000000012,1192,,,,-0.029296875,0.087890625,-0.96875,-0.00898805823734274,103.47729030209544,15.838371525438667,1.487794932375543,15344,0,23.44092862215487,14.441751709736378,61.60912795957646,7.165148133126597,4.414385281831169,0.0811975847772212,0.05669128376907524,0.1507337731704825,0.216796875,0.7828326695494221,0,1,1,1,0,0,0,0,0,,
15.01138500000001,1196,,,,0.048828125,0.0234375,-0.994140625,-0.009053833530013194,106.28491436938577,15.836210772066813,1.524402394755745,15608,0,23.987640142194408,14.798410487044215,61.69181461503468,7.182184496263069,4.430819944744375,0.08047486490375112,0.05648792339481286,0.15378755035438338,0.212890625,0.8099831822449535,0,1,1,1,0,0,0,0,0,,
15.148844999999971,1200,,,,-0.03125,0.072265625,-0.974609375,-0.009370067314946997,106.28491436938577,15.83308709684999,1.5699232288513454,15803,0,24.74050334040102,15.506121930872418,62.67504633000356,6.854384019628685,4.295988359938638,0.07914692132914941,0.05735044479018376,0.15378755035438338,0.20703125,0.8429661959237199,0,1,1,1,0,0,0,0,0,,
15.254184999999998,1205,,,,-0.0078125,0.060546875,-0.982421875,-0.009563834984767908,113.1178754992979,15.831053713715512,1.6077765697695792,15985,0,25.318336458116498,16.009478330791858,63.23274184019137,7.065681539524773,4.467824167137759,0.078541047590221,0.05805707692972253,0.1612195783954969,0.20703125,0.8766452245962573,0,1,1,1,0,0,0,0,0,,
15.36691499999998,1208,,,,-0.015625,0.060546875,-0.98828125,-0.00965361483910115,114.59857635512813,15.827863710809705,1.667468460990969,16147,0,26.306829057747844,16.323833898170015,62.0516971556568,7.020322374633769,4.35622917925856,0.07846265994580068,0.05855793356862464,0.16283009689132985,0.20703125,0.905191096150114,0,1,1,1,0,0,0,0,0,,
15.470294999999984,1212,,,,0.064453125,0.087890625,-0.958984375,-0.00965361483910115,117.25702038267275,15.82429628797067,1.7222856711432812,16364,0,27.127883518795066,16.542914227385207,60.98121962195741,7.088051039312348,4.3223799711994975,0.07846265994580068,0.05855793356862464,0.16572161495835802,0.203125,0.9348078325390679,0,1,1,1,0,0,0,0,0,,
15.57947999999998,1215,,,,-0.013671875,0.0859375,-0.970703125,-0.009954635804040025,119.46749140841803,15.821959315988646,1.7569859165907757,16417,0,27.673963240355686,17.11408602598855,61.841832618436996,6.980652734069526,4.316963579477622,0.07840426736537608,0.060412488591234735,0.1681258848400483,0.19921875,0.9619044963097895,0,1,1,1,0,0,0,0,0,,
15.682,1219,,,,-0.009765625,0.0859375,-0.986328125,-0.010548289431242463,119.46749140841803,15.818542808381808,1.7970474588109138,16415,0,28.319027433635302,18.132781387301577,64.03038179822788,6.588481317713417,4.218629742436817,0.075791523177448,0.061928932133053845,0.1681258848400483,0.197265625,0.9917180476003079,0,1,1,1,0,0,0,0,0,,
15.797515000000015,1222,,,,0,0.087890625,-0.98046875,-0.010548289431242463,124.42494448657251,15.817658124236754,1.8233148932133414,16619,0,28.742026325836505,18.35724384486224,63.868996697566594,6.777975252608313,4.329024790250283,0.075791523177448,0.061928932133053845,0.17351797321708587,0.1953125,1.0193912783101395,0,1,1,1,0,0,0,0,0,,
15.924794999999984,1226,,,,-0.03125,0.056640625,-1.01171875,-0.010904091224975706,128.27014841162045,15.815953914078488,1.8578046350076423,16922,0,29.252754141361237,19.322630769424226,66.05405657207316,6.638337705784493,4.384891343624153,0.07387247741859,0.0625351008930187,0.17770029810543536,0.19140625,1.0496343157080121,0,1,1,1,0,0,0,0,0,,
16.16623999999999,1233,,,,-0.03125,0.0625,-0.96875,-0.011168476533517423,131.87094470271705,15.813033697042531,1.893716155670775,17090,0,29.820623290176478,19.98791804230599,67.02716387853106,6.59753279073898,4.42213911558844,0.0734506511261948,0.06384631236967414,0.18161678738394404,0.1875,1.1040495009773859,0,1,1,1,0,0,0,0,0,,
16.274534999999975,1239,,,,0,0.080078125,-0.958984375,-0.011095116656627383,134.5689427112333,15.81103709728088,1.9315160706878918,17253,0,30.381097097019733,20.045650153712366,65.98066583868943,6.713124377575338,4.429364162903583,0.07307039245185373,0.06305618574487484,0.18455132725222795,0.18359375,1.1458154214817824,0,1,1,1,0,0,0,0,0,,
16.37542499999999,1242,,,,-0.02734375,0.06640625,-0.990234375,-0.011095116656627383,135.42378749396244,15.808913689495274,1.9712191825636363,17390,0,31.001252853114764,20.204652617396047,65.17366479711816,6.7026041010654955,4.368332729506322,0.07307039245185373,0.06305618574487484,0.18548111893042593,0.1796875,1.1752864382892751,0,1,1,1,0,0,0,0,0,,
16.484360000000045,1246,,,,-0.03515625,0.015625,-0.984375,-0.011238742694161688,136.35363369946356,15.805077483213601,2.02834364041887,17425,0,31.885583685195392,20.50762713642268,64.3162983588237,6.648922997887549,4.276341152969802,0.07163388366565965,0.06273352424143502,0.18649248763892845,0.181640625,1.2041071660437952,0,1,1,1,0,0,0,0,0,,
16.585570000000008,1249,,,,-0.03515625,0.05078125,-0.984375,-0.011433764361067439,136.35363369946356,15.803410398238942,2.06419862592651,17379,0,32.46374625475042,20.808048487972876,64.09626395144717,6.55292752601362,4.2001817236207275,0.07132210702352754,0.0637001972877548,0.18649248763892845,0.19140625,1.2340104433778252,0,1,1,1,0,0,0,0,0,,
16.695890000000013,1253,,,,0,0.08984375,-0.96875,-0.011433764361067439,139.9356588920215,15.800814687857752,2.0972642489797657,17551,0,33.04210391169241,21.014485043795478,63.59911311930476,6.659009659308187,4.235071085848844,0.07132210702352754,0.0637001972877548,0.1903885600984257,0.1953125,1.2627337323701588,0,1,1,1,0,0,0,0,0,,
16.799,1256,,,,-0.015625,0.052734375,-0.986328125,-0.011699278249037003,142.94150903076738,15.797174457974268,2.1776957412420668,17940,0,34.2555670783278,21.979285616982644,64.16266753583567,6.503464740470061,4.1727964597381035,0.07108754881104623,0.06517907989304099,0.19365794244874382,0.205078125,1.2969815798450224,0,1,1,1,0,0,0,0,0,,
16.913369999999997,1260,,,,-0.03125,0.0546875,-0.978515625,-0.011786840307601415,142.94150903076738,15.793343004206221,2.232985129953375,18026,0,35.10683395917087,22.25025476312378,63.378699397959814,6.424263926526808,4.071614922524995,0.07196722922252993,0.06648718168057426,0.19365794244874382,0.203125,1.3285578486506533,0,1,1,1,0,0,0,0,0,,
17.01383500000002,1263,,,,-0.017578125,0.083984375,-1,-0.011819271614304216,147.9461082284918,15.79015695624182,2.2698690843137523,18361,0,35.682176517754215,22.725370840437165,63.68829779520262,6.510173553042261,4.146218719446078,0.07246948290188729,0.06712292319910787,0.19910131039199166,0.203125,1.3623720381184181,0,1,1,1,0,0,0,0,0,,
17.1225,1267,,,,-0.029296875,0.052734375,-0.982421875,-0.011819271614304216,151.49823734549742,15.78761999949337,2.3247069711481574,18423,0,36.491731776795746,22.801942722447436,62.485230522676005,6.6440934086004235,4.151577082505897,0.07246948290188729,0.06712292319910787,0.20296486569419794,0.19921875,1.3947139655696053,0,1,1,1,0,0,0,0,0,,
17.225979999999982,1270,,,,-0.021484375,0.0703125,-0.984375,-0.012546946788696604,155.74511738443977,15.785511284134902,2.3397332920038374,18662,0,36.76776742151348,24.52046798619126,66.69011937843116,6.351637231073561,4.2359144518878376,0.0693331397798575,0.06903850289321806,0.20758408288811617,0.1953125,1.4274048744050531,0,1,1,1,0,0,0,0,0,,
17.340840000000025,1274,,,,-0.01171875,0.064453125,-0.9765625,-0.012803683554870016,155.74511738443977,15.784359792209223,2.355574491955382,18730,0,37.02081867766044,25.112526898908143,67.83352663689702,6.201889519577233,4.2069603792533465,0.06814752694147555,0.06964658572065552,0.20758408288811617,0.1875,1.457831821099883,0,1,1,1,0,0,0,0,0,,
17.476949999999952,1278,,,,-0.001953125,0.068359375,-1.001953125,-0.012948032170813353,158.9987699513858,15.782937379598257,2.3906559370523306,18859,0,37.577839868016916,25.57107166336091,68.04827460325852,6.217915777820317,4.231184403090507,0.06740130377922247,0.06992022447745903,0.21112299327467285,0.18359375,1.4913305520781623,1,1,1,1,0,0,0,0,0,,
17.59096499999997,1282,,,,-0.015625,0.041015625,-0.974609375,-0.012948032170813353,161.2453747765044,15.780261024921574,2.4148573999072083,18954,0,37.93106383887058,25.700195931378907,67.7550095630119,6.274091264013683,4.251011135924565,0.06740130377922247,0.06992022447745903,0.21356656491808376,0.181640625,1.5315430166025568,0,1,1,1,0,0,0,0,0,,
17.69923999999999,1286,,,,-0.015625,0.068359375,-0.9609375,-0.013110412841130048,162.2223353799441,15.778157961083831,2.4293842593186685,19047,0,38.19505429735291,26.150018312861715,68.46440931666388,6.2035266453391396,4.247207874533296,0.06696119407812925,0.07057036243984512,0.21462917869003134,0.185546875,1.563339766279448,0,1,1,1,0,0,0,0,0,,
17.811630000000005,1290,,,,-0.03125,0.09765625,-1.048828125,-0.013246212547032782,162.2223353799441,15.776012485906188,2.470390910742527,19131,0,38.840813119856534,26.537612027111297,68.32403828730483,6.1129213590964735,4.176594729861909,0.06655066165728703,0.071077672464317,0.21462917869003134,0.1875,1.595164918710216,0,1,1,1,0,0,0,0,0,,
18.003315,1296,,,,-0.025390625,0.056640625,-0.98828125,-0.013412974863420324,167.42852097418893,15.772943300147947,2.531092231649294,19220,0,39.75913626362227,26.9965184377771,67.90016327009005,6.201856041551668,4.211070377989527,0.06620624127007639,0.07183756087616337,0.22029180673488988,0.189453125,1.652605665357762,0,1,1,1,0,0,0,0,0,,
18.11047000000003,1300,,,,0.0078125,0.0546875,-0.96875,-0.013735165187986719,167.42852097418893,15.77060355042212,2.5567032509501217,19369,0,40.168063401969164,27.85921818038579,69.35663763919483,6.00980687577466,4.168199977646447,0.06410316954960397,0.0720733129978096,0.22029180673488988,0.189453125,1.6839148553413599,0,1,1,1,0,0,0,0,0,,
18.21797000000003,1303,,,,-0.0390625,0.0625,-0.982421875,-0.014121574390536238,169.84759620218512,15.767448155467962,2.6108408955172124,19505,0,41.03514368512367,28.84367088724018,70.29016666437742,5.8885568645606075,4.13907643422629,0.061860402485719265,0.07259563880581903,0.22292296979673246,0.19140625,1.716604089807414,0,1,1,1,0,0,0,0,0,,
18.322044999999985,1307,,,,-0.015625,0.087890625,-0.970703125,-0.014121574390536238,171.53384163829975,15.763660107615436,2.6490372749717226,19637,0,41.62931992253374,29.039751621652265,69.75792944898241,5.906863249835883,4.120505498468384,0.061860402485719265,0.07259563880581903,0.22475705360419657,0.19140625,1.7493656011158705,0,1,1,1,0,0,0,0,0,,
18.429505000000006,1310,,,,-0.01171875,0.072265625,-0.99609375,-0.014303702547350866,174.95661752119616,15.76253561785323,2.6753416577426723,19557,0,42.03083600567723,29.294780376173915,69.69830524478976,5.972279541767523,4.162577625093259,0.06185105104105561,0.07373997812838232,0.2284799148727577,0.19140625,1.7795180702334346,0,1,1,1,0,0,0,0,0,,
18.53221000000002,1314,,,,-0.01953125,0.072265625,-0.99609375,-0.014125892191758454,174.95661752119616,15.76087761909379,2.7107611984517583,19765,0,42.58429581954891,29.238262370157805,68.65972961970542,5.983824048988856,4.108477412954659,0.06392433113032683,0.07439220438461434,0.2284799148727577,0.197265625,1.8121337733372247,0,1,1,1,0,0,0,0,0,,
18.645734999999988,1317,,,,-0.01171875,0.068359375,-0.986328125,-0.01408806443496529,177.8626602579362,15.759038159820317,2.7507071062082686,19809,0,43.219167529035815,29.224814543012805,67.62003114330875,6.086015019741516,4.115365251735661,0.06494917611089875,0.07503138198274535,0.23164073939634225,0.203125,1.843150459543035,0,1,1,1,0,0,0,0,0,,
18.75141499999998,1321,,,,-0.0234375,0.0625,-0.982421875,-0.01408806443496529,179.73125767418156,15.755391334185592,2.8046854434039696,20049,0,44.03806879703518,29.577942679476184,67.16448628979728,6.076530055584128,4.081270196078212,0.06494917611089875,0.07503138198274535,0.23367316254804052,0.2109375,1.8784047926144274,0,1,1,1,0,0,0,0,0,,
18.883065000000002,1325,,,,-0.009765625,0.02734375,-0.947265625,-0.014871834049040623,183.70854485992714,15.751384284094044,2.8586990422534573,20216,0,44.83277838482186,31.48377580115845,70.22490449045489,5.835022648495913,4.097639081902666,0.061351192779558486,0.07690615228022085,0.23799915084652842,0.216796875,1.9144961105523421,0,1,1,1,0,0,0,0,0,,
19.01746000000002,1329,,,,-0.0078125,0.076171875,-0.970703125,-0.015111239530458627,183.70854485992714,15.749086560624864,2.8964425529700204,20005,0,45.456080421639484,31.657570822754973,69.64430397233349,5.80298930352168,4.041451510026637,0.06006482279562157,0.07731820584887418,0.23799915084652842,0.23046875,1.9541963767588226,0,1,1,1,0,0,0,0,0,,
19.125300000000045,1334,,,,0.021484375,0.171875,-0.99609375,-0.015195453369912735,187.49547360160167,15.74641188980247,2.934527359048051,20421,0,46.078734874658636,32.49558047498229,70.52185908179847,5.769876114259623,4.06902390249252,0.05945876099488725,0.07733151120008364,0.24211809138529686,0.2421875,1.9942197237992665,0,1,1,1,0,0,0,0,0,,
19.227379999999947,1337,,,,-0.009765625,0.1875,-1.009765625,-0.015382147099358963,189.0550840401991,15.744167482336692,2.9639686908253062,20544,0,46.54207706270407,33.09229673567731,71.10189064208186,5.712963519886968,4.0620250743320625,0.05919986803861126,0.07829082506698977,0.24381443771194694,0.25390625,2.0287711568466733,0,1,1,1,0,0,0,0,0,,
19.337059999999997,1341,,,,0.001953125,0.0546875,-0.984375,-0.015382147099358963,192.28902926253372,15.741869580218328,3.0068303690864573,20593,0,47.235875633355676,33.1720560406187,70.22640227546498,5.796717243787319,4.070825970393329,0.05919986803861126,0.07829082506698977,0.24733191294982018,0.255859375,2.0616146410860257,0,1,1,1,0,0,0,0,0,,
19.439744999999995,1344,,,,-0.0078125,0.087890625,-0.98046875,-0.015479074752098945,192.28902926253372,15.73942407567979,3.051151983267694,20730,0,47.899696805565995,33.602410673667606,70.1516145500173,5.722477209446769,4.014410154683683,0.058466261582993256,0.0782752387100089,0.24733191294982018,0.251953125,2.0964227466119474,0,1,1,1,0,0,0,0,0,,
19.54934500000003,1348,,,,-0.01171875,0.0703125,-0.974609375,-0.015451830712456928,194.95531208775924,15.736390890073022,3.086442338447436,20777,0,48.465014347063494,33.61883413444265,69.36722208249924,5.798990866492501,4.0225988729037,0.05881854350543654,0.07840484507101178,0.25023195706625295,0.244140625,2.1291485213717443,0,1,1,1,0,0,0,0,0,,
19.653824999999955,1351,,,,-0.029296875,0.064453125,-0.986328125,-0.015451830712456928,197.51708789121167,15.73325706091671,3.1295646162609643,20940,0,49.11025789576564,33.88290102180458,68.9935310332101,5.829403089307613,4.0219110294723555,0.05881854350543654,0.07840484507101178,0.2530183317059327,0.232421875,2.1647845873202236,0,1,1,1,0,0,0,0,0,,
19.76370000000001,1355,,,,0,0.07421875,-1.001953125,-0.015875610737591948,199.63509380353642,15.731021424016667,3.140328343760721,21019,0,49.25175918674197,34.944355324654424,70.95047141800583,5.712942532457799,4.053359658618569,0.05733166978119039,0.07981159117805393,0.25532202977070484,0.224609375,2.1971123882490318,0,1,1,1,0,0,0,0,0,,
19.86653999999998,1358,,,,-0.02734375,0.052734375,-0.974609375,-0.015840056770209426,199.63509380353642,15.729473408005497,3.1580465847240986,21087,0,49.50829690589253,34.97837321024357,70.65153801741947,5.707386464304532,4.032356317629169,0.05766601962986024,0.07987324744598305,0.25532202977070484,0.216796875,2.2297948649686856,0,1,1,1,0,0,0,0,0,,
19.989869999999996,1362,,,,-0.041015625,0.0703125,-0.99609375,-0.015840056770209426,201.74332158734552,15.726927571156082,3.186508048940695,21120,0,49.93469177733816,35.03325452507554,70.15814712803467,5.75862346568301,4.040143523603416,0.05766601962986024,0.07987324744598305,0.25761509242808384,0.2109375,2.2613067332639645,0,1,1,1,0,0,0,0,0,,
20.125630000000005,1366,,,,-0.015625,0.07421875,-0.986328125,-0.01644508608791563,205.0331223299801,15.72485678164789,3.226942434305972,21263,0,50.57511484049942,36.61676093797853,72.40074699475848,5.599433622140014,4.054031769905032,0.05479088218461864,0.08123673749159128,0.2611933202130926,0.20703125,2.3009153383180494,0,1,1,1,0,0,0,0,0,,
20.256455000000017,1371,,,,-0.0390625,0.0703125,-0.998046875,-0.01631082172473175,206.65160305011563,15.722252684913594,3.248037320170648,21354,0,50.911379015782,36.47437143662659,71.64286676524694,5.665665915838144,4.059045483447929,0.05644163258442454,0.08180228462562218,0.2629536981615917,0.203125,2.3391800135522804,0,1,1,1,0,0,0,0,0,,
20.44958999999997,1377,,,,-0.01953125,0.09765625,-0.994140625,-0.016663118456882006,207.62216734476468,15.716918556814448,3.314127000806415,21488,0,51.95456741122796,37.49489633345413,72.16862386068306,5.5373447494910835,3.996225504129503,0.05545656851427226,0.08318690640964214,0.26400935484050336,0.19921875,2.404763054361216,0,1,1,1,0,0,0,0,0,,
20.557380000000006,1381,,,,-0.0234375,0.05859375,-0.99609375,-0.016663118456882006,210.53698298410566,15.714732156893735,3.3449204176401457,21608,0,52.427921419479226,37.70558797924181,71.91890686940826,5.583707727884082,4.015741560676906,0.05545656851427226,0.08318690640964214,0.26717972141429025,0.1953125,2.4395310246436486,0,1,1,1,0,0,0,0,0,,
20.665375,1385,,,,-0.009765625,0.09375,-0.984375,-0.01678205311113249,212.52548088211714,15.713079029936223,3.384137970774231,21647,0,52.99809110028943,38.04255462694866,71.78099029068785,5.586519700534725,4.0100591638281955,0.0550868094310088,0.08362246022881656,0.26934255709515215,0.19140625,2.471086496444716,0,1,1,1,0,0,0,0,0,,
20.771704999999958,1389,,,,0.021484375,0.060546875,-0.9609375,-0.017083872417733136,212.52548088211714,15.70970009665158,3.432390729330691,21777,0,53.75355307614066,38.95903137664516,72.47712783090002,5.455101766455113,3.953701080579357,0.054691278148887364,0.08519306360515205,0.26934255709515215,0.193359375,2.5053444329811234,0,1,1,1,0,0,0,0,0,,
20.879225000000034,1392,,,,-0.04296875,0.078125,-0.998046875,-0.017245444152994196,216.39152443067297,15.707150852619845,3.4687276901765443,21825,0,54.30249227032412,39.41448873227388,72.58320398272693,5.490151753598277,3.984928046275497,0.05287784019978835,0.08466083539217066,0.27354754868148695,0.1953125,2.537345513052122,0,1,1,1,0,0,0,0,0,,
20.981625,1396,,,,0.0078125,0.0859375,-0.982421875,-0.017245444152994196,217.91875976424134,15.70490192589601,3.501498660696618,21946,0,54.82708815253563,39.63293535267635,72.28714252052325,5.498425938555309,3.974654994588895,0.05287784019978835,0.08466083539217066,0.2752086814771605,0.19921875,2.570695198036588,0,1,1,1,0,0,0,0,0,,
21.095650000000024,1399,,,,-0.0859375,0.068359375,-1.009765625,-0.017639112941547186,217.91875976424134,15.70368634834432,3.523573521866096,21980,0,55.18566759513773,40.60128191039519,73.57214958104893,5.367287669516843,3.948828912662128,0.051445652145814875,0.08592394041084048,0.2752086814771605,0.203125,2.6015907302716688,0,1,1,1,0,0,0,0,0,,
21.19658500000002,1403,,,,-0.015625,0.08203125,-0.982421875,-0.017826999054305535,221.796951830692,15.700436802836073,3.5549429755454174,22110,0,55.67756970636307,41.276399654791604,74.13470069271784,5.373456834550843,3.9835961411466583,0.05106488704220966,0.08678632713852677,0.2794268866796619,0.201171875,2.6356691295183423,0,1,1,1,0,0,0,0,0,,
21.305094999999973,1406,,,,-0.02734375,0.08203125,-0.99609375,-0.017826999054305535,222.60243953425163,15.699357570752863,3.5676087692750214,22144,0,55.86978804266819,41.339300866316776,73.99222784726807,5.384765462147133,3.9843079297929034,0.05106488704220966,0.08678632713852677,0.2803029939903593,0.203125,2.6658023362586536,0,1,1,1,0,0,0,0,0,,
21.411760000000008,1410,,,,-0.0234375,0.068359375,-0.98046875,-0.0178466069866496,225.39068575487687,15.697147102127312,3.619626966783323,22237,0,56.664439948177034,41.55899908436619,73.34229213661044,5.423390618655806,3.977638991244066,0.05131628029206727,0.08712588979240578,0.2833356944116307,0.205078125,2.699686617007875,0,1,1,1,0,0,0,0,0,,
21.542419999999982,1413,,,,-0.02734375,0.072265625,-0.990234375,-0.01805798199648426,225.39068575487687,15.694467363656814,3.6397309253130254,22342,0,56.97303505114671,42.24869571374297,74.15559953198003,5.334855477717389,3.956094063666008,0.05100538458861,0.08819678836036952,0.2833356944116307,0.203125,2.7319387084474345,0,1,1,1,0,0,0,0,0,,
21.666809999999998,1418,,,,-0.029296875,0.0625,-0.986328125,-0.01831329177498862,228.12512204368116,15.692661264258179,3.675451648459358,22431,0,57.52474256591988,43.01680367254275,74.77965437784982,5.303163009977225,3.9656869699549464,0.04940977408201393,0.0884443831600614,0.28630986721733687,0.205078125,2.771876235939685,0,1,1,1,0,0,0,0,0,,
21.778959999999962,1422,,,,-0.021484375,0.083984375,-0.986328125,-0.018418064707622226,229.12630172212243,15.691300694186218,3.7044662833795696,22501,0,57.95957086586038,43.39908760420969,74.87820726735717,5.279518864813584,3.953209078314337,0.04872517994772247,0.08852044967904099,0.2873988234257654,0.201171875,2.8079903671715174,0,1,1,1,0,0,0,0,0,,
21.885764999999957,1426,,,,-0.00390625,0.080078125,-0.982421875,-0.018418064707622226,230.33888161458032,15.688445183393814,3.7268049514400943,22550,0,58.33559749644026,43.492594108218846,74.5558389298624,5.296048358059491,3.948513283482457,0.04872517994772247,0.08852044967904099,0.28871771396114204,0.19921875,2.8397965718434395,0,1,1,1,0,0,0,0,0,,
21.995880000000003,1429,,,,-0.03125,0.037109375,-0.974609375,-0.018618509522067422,230.33888161458032,15.685117514259327,3.789870784900114,22615,0,59.361381877974594,44.09236942423114,74.27786892641585,5.224007795961101,3.8802816633897317,0.048365655099475414,0.08948050505752353,0.28871771396114204,0.203125,2.8734973104013233,0,1,1,1,0,0,0,0,0,,
22.104640000000014,1433,,,,-0.025390625,0.080078125,-0.99609375,-0.018779662569452033,233.47549517499945,15.681882219440684,3.8365791961095983,22715,0,60.090502792388314,44.67083671612999,74.33926267927394,5.226575375309566,3.8853975973816266,0.048288383790303785,0.09043390888443856,0.29212932416819026,0.201171875,2.908192978159349,0,1,1,1,0,0,0,0,0,,
22.220390000000013,1436,,,,-0.015625,0.07421875,-0.98828125,-0.018779662569452033,234.8721236892518,15.679343398813142,3.8830415635415463,22430,0,60.778856711742655,44.110905652924686,72.57607009972324,5.32458176073923,3.864372191191181,0.048288383790303785,0.09043390888443856,0.2936483994393056,0.197265625,2.942596917326327,0,1,1,1,0,0,0,0,0,,
22.35347000000003,1441,,,,0.0078125,0.052734375,-0.982421875,-0.019098401002605923,237.74303429405785,15.6766323661377,3.916221244962259,22845,0,61.28815313302685,45.68992605574999,74.54936022721932,5.203401598942582,3.8791026020645956,0.04702933302298408,0.09137133407801266,0.2967710116879023,0.193359375,2.981091191542265,0,1,1,1,0,0,0,0,0,,
22.49528999999998,1445,,,,-0.076171875,0.052734375,-0.982421875,-0.019139289223993976,239.1525455555684,15.673794515759464,3.950767406563204,22936,0,61.828556830765336,45.96928623914944,74.3496025064514,5.202442002501568,3.867994949488587,0.04676571743356464,0.09140406353583502,0.298304099176715,0.19140625,3.0193638533212552,0,1,1,1,0,0,0,0,0,,
22.695384999999952,1452,,,,-0.029296875,0.05078125,-0.9765625,-0.019227168880974352,241.39906177839728,15.669927092166413,3.995452739220809,23029,0,62.52752126309468,46.36723432348258,74.15492152389174,5.2062424101957125,3.8606849736242,0.04658920433721451,0.09180878195778114,0.3007475744497985,0.189453125,3.0884818998272783,0,1,1,1,0,0,0,0,0,,
22.80253500000003,1456,,,,-0.013671875,0.05859375,-0.982421875,-0.019227168880974352,242.6638375397685,15.668417741020987,4.019839094271077,23113,0,62.88717944985777,46.537977040515294,74.00232837222683,5.214318562418578,3.8587171449349738,0.04658920433721451,0.09180878195778114,0.3021232370279277,0.185546875,3.1224756099808992,0,1,1,1,0,0,0,0,0,,
22.91074000000005,1460,,,,0.015625,0.0703125,-0.978515625,-0.019355266184223438,245.18049545668168,15.666045660381114,4.049612467334789,23151,0,63.36516667836206,46.925038770118384,74.05494411197114,5.22493964592761,3.869326134675914,0.046532389304624305,0.09257057209275014,0.30486053815591313,0.18359375,3.1535078248876203,0,1,1,1,0,0,0,0,0,,
23.013849999999977,1463,,,,-0.00390625,0.07421875,-0.984375,-0.01934303777499584,245.18049545668168,15.663381153552919,4.097303440726095,23252,0,64.14157761275396,47.09824295392563,73.42856959065593,5.205724886521398,3.822489320997459,0.04617299564972502,0.09218512054752089,0.30486053815591313,0.1796875,3.1868669271637504,0,1,1,1,0,0,0,0,0,,
23.12391499999998,1467,,,,-0.029296875,0.08203125,-0.9921875,-0.01950437024354335,248.3824938918712,15.661021871739074,4.123395269105159,23281,0,64.50798362750338,47.551832820804954,73.71464762468709,5.223405264480121,3.850414784720876,0.045788041536806254,0.09287590697287094,0.308343265732652,0.177734375,3.217320261067842,0,1,1,1,0,0,0,0,0,,
23.226734999999987,1470,,,,-0.017578125,0.068359375,-0.990234375,-0.01950437024354335,250.33692991164003,15.658258209059312,4.1510672762722205,23390,0,64.89041510368796,47.77418101177148,73.62286238334805,5.240004634510791,3.85784140094694,0.045788041536806254,0.09287590697287094,0.3104690532246806,0.173828125,3.24977466198313,0,1,1,1,0,0,0,0,0,,
23.33570000000001,1474,,,,-0.001953125,0.07421875,-0.984375,-0.019940699631405892,250.33692991164003,15.656138557574273,4.176420180458976,23446,0,65.21137681380816,48.95976989922915,75.07857108893641,5.113114919185547,3.838853619459734,0.043812245443162035,0.0939429397488101,0.3104690532246806,0.173828125,3.280504088896269,0,1,1,1,0,0,0,0,0,,
23.439844999999973,1478,,,,-0.009765625,0.078125,-0.974609375,-0.02014596123120306,251.98178888615763,15.654784584463695,4.203417656829625,23537,0,65.67920589030581,49.65482756051815,75.60205225905017,5.074668491780544,3.83655352512948,0.04322678759708091,0.09473979688668567,0.31225812209099935,0.169921875,3.3125872541101464,1,1,1,1,0,0,0,0,0,,
23.555594999999972,1481,,,,-0.029296875,0.064453125,-0.994140625,-0.02014596123120306,253.6089755167993,15.652008900132024,4.230686411749986,23577,0,66.11836928319333,49.74017583890393,75.22898156465484,5.098674687805201,3.835681040930698,0.04322678759708091,0.09473979688668567,0.31402796922420106,0.171875,3.3430302013215747,0,1,1,1,0,0,0,0,0,,
23.66225,1485,,,,-0.0390625,0.08203125,-0.974609375,-0.020256891131692545,255.74855007514196,15.648317042407593,4.29456967939138,23734,0,67.04207204571773,50.34774471285464,75.09873006091041,5.079642624187791,3.814747102397736,0.042865988305960535,0.09513238381323816,0.31635512692513484,0.177734375,3.380040493043087,1,1,1,1,0,0,0,0,0,,
23.787429999999993,1488,,,,-0.0078125,0.048828125,-1,-0.02048255227465384,255.74855007514196,15.645028994077162,4.340485337408212,23824,0,67.71757316430293,51.10014274599765,75.46068229883775,5.004850012775612,3.776693967673946,0.04273941491599219,0.0964516783957622,0.31635512692513484,0.181640625,3.4135087272322076,0,1,1,1,0,0,0,0,0,,
23.915729999999982,1493,,,,-0.044921875,0.0390625,-0.986328125,-0.020775943598596063,258.2618909118676,15.641477321293332,4.371928260473522,23959,0,68.29449044456828,52.1271679845368,76.32704724086959,4.954458507864449,3.78159188582698,0.04090428557726108,0.09673490062386421,0.31908882015421675,0.18359375,3.451395458870514,0,1,1,1,0,0,0,0,0,,
24.027660000000033,1497,,,,0.001953125,0.091796875,-0.96875,-0.020909852007422264,260.2250448759719,15.638768708527767,4.398711015474413,24032,0,68.69308568050818,52.62153194743437,76.60382617280774,4.945219860492098,3.7882276257945326,0.04003064922828835,0.09683326097443998,0.3212240899198203,0.1875,3.4889028791049035,0,1,1,1,0,0,0,0,0,,
24.12985499999998,1501,,,,-0.017578125,0.072265625,-0.951171875,-0.020909852007422264,262.63196028480945,15.63662646528864,4.430018745676841,24078,0,69.14552479156913,52.72285967271253,76.24912795389037,4.981367890800096,3.7982495769101745,0.04003064922828835,0.09683326097443998,0.3238420270734156,0.19140625,3.5224359521775015,0,1,1,1,0,0,0,0,0,,
24.239049999999988,1504,,,,-0.01171875,0.095703125,-0.96484375,-0.021129363916899836,262.63196028480945,15.633906667762616,4.4681245071152,24120,0,69.70416632104228,53.36914165158744,76.56521047218432,4.921045236203412,3.767808642530542,0.03952691058809916,0.09779033377104347,0.3238420270734156,0.201171875,3.554158438959429,0,1,1,1,0,0,0,0,0,,
24.342794999999985,1508,,,,-0.013671875,0.07421875,-0.982421875,-0.021281008799793676,266.10648562635583,15.630130663380124,4.540074336866846,24248,0,70.80778336026756,54.03806970448755,76.31656738856478,4.9244261884553815,3.758153030612683,0.03941915176669371,0.09865744325405829,0.32762117483629255,0.20703125,3.5900198251432265,0,1,1,1,0,0,0,0,0,,
24.45098999999999,1511,,,,-0.005859375,0.048828125,-0.9921875,-0.021281008799793676,266.99655901031355,15.626886123927212,4.595164842490589,24299,0,71.6553258005084,54.15111484545171,75.57165394266829,4.9305828656035375,3.726123020550403,0.03941915176669371,0.09865744325405829,0.32858928371653545,0.208984375,3.6237442320832947,0,1,1,1,0,0,0,0,0,,
24.553869999999996,1515,,,,-0.01953125,0.07421875,-0.986328125,-0.021628709495481666,269.8019925522003,15.623878967467224,4.635778363732305,24467,0,72.23048306657927,55.41573837845355,76.72070852326083,4.868688940127942,3.7352926506597957,0.038184469962105325,0.09979900719527525,0.3316406783248714,0.2109375,3.6596102454906347,0,1,1,1,0,0,0,0,0,,
24.674929999999993,1518,,,,-0.01171875,0.0546875,-0.955078125,-0.021749976681519834,269.8019925522003,15.621013894732853,4.667438456090155,24551,0,72.72135270928159,55.91903099857836,76.89492688911615,4.824868881563051,3.7100793989736234,0.03738135238737387,0.09987783467704997,0.3316406783248714,0.212890625,3.69420124715905,0,1,1,1,0,0,0,0,0,,
24.803679999999993,1522,,,,-0.005859375,0.048828125,-0.962890625,-0.02211201492710186,274.4685713787925,15.616276129991814,4.742267546540056,24726,0,73.7822716036254,57.25487290693559,77.59976978551346,4.793802823122583,3.7199799547145695,0.03622930050187815,0.1011809469444211,0.3367163906018627,0.216796875,3.735805874342559,1,1,1,1,0,0,0,0,0,,
24.941790000000037,1527,,,,-0.03125,0.078125,-0.994140625,-0.022578828641933536,277.13874768509584,15.613777845173852,4.767346341292195,24849,0,74.29010022479662,58.75325455332151,79.08625022114425,4.716993974071318,3.7304936572503395,0.03456517939942975,0.10270803402542426,0.33962066955294445,0.216796875,3.7768608767837035,0,1,1,1,0,0,0,0,0,,
25.13984500000003,1534,,,,-0.01953125,0.07421875,-0.986328125,-0.022806864165980795,282.52105033811506,15.610481960610766,4.79181776333403,24936,0,74.66824767716771,59.556210522780965,79.76109306900508,4.743771436398684,3.7836839503668336,0.03315444619976507,0.10294154100488366,0.3454748553857729,0.21484375,3.8456961971676655,0,1,1,1,0,0,0,0,0,,
25.250669999999985,1538,,,,-0.0234375,0.08984375,-0.974609375,-0.023150907454481694,283.89151044834114,15.607508556811766,4.835660925182228,25010,0,75.22985598670888,60.633147884582364,80.5971872328117,4.682117296445503,3.7736548438760438,0.03263480445653472,0.10467291235944905,0.34696546798765643,0.21484375,3.8825829588594445,0,1,1,1,0,0,0,0,0,,
25.359419999999982,1541,,,,-0.021484375,0.080078125,-0.984375,-0.023150907454481694,286.7774364517896,15.603276278736558,4.879662199511957,25079,0,75.97987123536734,60.80052591214672,80.02188595950805,4.716693353379321,3.774386976300897,0.03263480445653472,0.10467291235944905,0.35010441208150106,0.216796875,3.917314573729482,0,1,1,1,0,0,0,0,0,,
25.462630000000004,1545,,,,-0.037109375,0.08203125,-1.001953125,-0.023230253600791482,289.7174511421354,15.601347001442793,4.905616355777882,25175,0,76.39677416961565,61.241865382363855,80.1628943735177,4.730709120848675,3.7922733556642916,0.03227629654421595,0.10486762776346041,0.3533021869853102,0.21484375,3.951530164394892,0,1,1,1,0,0,0,0,0,,
25.571565000000003,1548,,,,-0.01171875,0.091796875,-0.9765625,-0.023411638322814204,289.7174511421354,15.598261904249508,4.947825113634119,25213,0,77.08187516216564,61.81348153059661,80.19197950303203,4.686962196082262,3.7585677635971475,0.0322032226611351,0.105952638939122,0.3533021869853102,0.212890625,3.9847370726065594,0,1,1,1,0,0,0,0,0,,
25.67617499999999,1552,,,,-0.0078125,0.07421875,-0.96484375,-0.023458120106651638,293.180071106588,15.5961170787698,4.984447261049864,25328,0,77.66003495546504,62.21939847741606,80.11765448354025,4.712036411168525,3.7751730510386095,0.03274371603539781,0.10671006012599431,0.35706838558973014,0.2109375,4.02001216995274,0,1,1,1,0,0,0,0,0,,
25.786474999999978,1556,,,,-0.03515625,0.056640625,-0.978515625,-0.023458120106651638,294.0150419532929,15.593942675240337,5.013254602647592,25371,0,78.03854635626541,62.323702445738355,79.86271574205793,4.717547745326504,3.767561745845969,0.03274371603539781,0.10671006012599431,0.3579765609222456,0.20703125,4.053041093664498,0,1,1,1,0,0,0,0,0,,
25.889125,1559,,,,0.00390625,0.080078125,-0.990234375,-0.023736002924832765,296.2334800572398,15.59137022240411,5.0370228139457485,25454,0,78.4062878530273,63.269145222731304,80.69396850075266,4.68211604589229,3.7781852472410105,0.030510826374737444,0.10655418831327634,0.3603894963806125,0.203125,4.087062067094484,0,1,1,1,0,0,0,0,0,,
25.999459999999964,1563,,,,0.001953125,0.083984375,-1.00390625,-0.023903924467988263,296.2334800572398,15.58789092816949,5.0754506927892535,25264,0,78.9694134808355,63.24215557379703,80.08436784090436,4.684114217320851,3.751243259887329,0.030388141891841722,0.10751148836006955,0.3603894963806125,0.203125,4.119934219587758,0,1,1,1,0,0,0,0,0,,
26.10692499999999,1566,,,,-0.025390625,0.0703125,-0.978515625,-0.023903924467988263,299.4723146403221,15.584738518299527,5.137458785315952,25520,0,79.92839434205685,63.88187654323387,79.92388320707252,4.6879072883472,3.746757545994456,0.030388141891841722,0.10751148836006955,0.3639122896446664,0.205078125,4.156707193050831,0,1,1,1,0,0,0,0,0,,
26.230859999999986,1570,,,,-0.01171875,0.07421875,-0.994140625,-0.02423135779037321,301.9876953557633,15.581318773559044,5.202188347604964,25681,0,80.90757075509225,65.1656699619047,80.5433525611115,4.634153159666781,3.732502317612304,0.029515304552954518,0.10883499843534868,0.3666482015949625,0.203125,4.194410540833786,0,1,1,1,0,0,0,0,0,,
26.36185499999998,1574,,,,0.001953125,0.068359375,-0.986328125,-0.024280189741458066,304.080309593444,15.578537121146994,5.238001688410278,25827,0,81.47689289920399,65.66860034982585,80.59782106696832,4.630528258156341,3.732104879964253,0.02988083251551961,0.10945730523531766,0.36892428181816084,0.201171875,4.235375331754859,0,1,1,1,0,0,0,0,0,,
26.475005000000003,1578,,,,0.009765625,0.068359375,-0.96875,-0.024404955480353884,304.080309593444,15.575016563243286,5.274448389190871,25927,0,82.00791119626982,66.26072478094842,80.79796670148859,4.5891485581949825,3.7079387239322257,0.029338517053882594,0.10978183409717318,0.36892428181816084,0.201171875,4.278082787517659,0,1,1,1,0,0,0,0,0,,
26.581830000000018,1582,,,,-0.05859375,0.0625,-1.02734375,-0.02460666485512292,306.86350272747006,15.57174411361607,5.325164529665557,26039,0,82.75136705709545,67.09704719475174,81.08270543549716,4.573427826664071,3.708259012999088,0.029105506448191976,0.11085834142058071,0.3719514861330465,0.20703125,4.317142248639181,0,1,1,1,0,0,0,0,0,,
26.69241499999998,1586,,,,-0.044921875,0.037109375,-0.984375,-0.02460666485512292,309.343480454106,15.56907928678217,5.353340604462755,26076,0,83.20117228004594,67.19163843079619,80.7580429331411,4.603898456393696,3.718018292012642,0.029105506448191976,0.11085834142058071,0.37464889120462086,0.216796875,4.351930761972128,0,1,1,1,0,0,0,0,0,,
26.79870000000001,1589,,,,-0.001953125,0.025390625,-1.001953125,-0.024708108118824006,311.91001068808043,15.566099148706153,5.38821761798569,26145,0,83.74474734190662,67.64910132421946,80.78011274907418,4.6107044230077845,3.7245322314322378,0.02807609741956468,0.11061775746821682,0.3774404371105039,0.220703125,4.388864591990889,0,1,1,1,0,0,0,0,0,,
26.908119999999997,1593,,,,0.013671875,0.060546875,-0.9921875,-0.024910658989429228,311.91001068808043,15.563496412028375,5.426760679827412,26185,0,84.31025450782914,68.30708031837621,81.01870966601476,4.566291067255136,3.6995501022846056,0.027470203422896723,0.11137994503633933,0.3774404371105039,0.22265625,4.423658536036419,0,1,1,1,0,0,0,0,0,,
27.01220499999996,1597,,,,-0.01953125,0.0546875,-0.974609375,-0.024995355161031328,316.0015321496674,15.560533526988731,5.4816644183787115,26296,0,85.0853978853941,68.83116788300146,80.89656932169925,4.5909657190010735,3.713933765407152,0.02706804017711364,0.11157108861833577,0.38189067495836987,0.22265625,4.461594608036918,0,1,1,1,0,0,0,0,0,,
27.124085000000022,1600,,,,-0.0234375,0.015625,-0.966796875,-0.024995355161031328,317.56574160829285,15.556767944544792,5.5521692143429116,26375,0,86.18302482583582,69.03720327188952,80.10533792635421,4.599921876290705,3.6847829633509623,0.02706804017711364,0.11157108861833577,0.3835920235154089,0.22265625,4.4995405225803315,1,1,1,1,0,0,0,0,0,,
27.23308500000002,1604,,,,-0.078125,0.033203125,-0.92578125,-0.02542944063778552,319.87399151389155,15.552727324197026,5.588954388352748,26530,0,86.78210950703871,70.64743009366475,81.40782759830779,4.527751272619554,3.685943950094314,0.026058434627839244,0.11345216408680651,0.38610264485484674,0.228515625,4.538193995124612,0,1,1,1,0,0,0,0,0,,
27.37296000000002,1607,,,,-0.021484375,0.0859375,-1.005859375,-0.025662865813133894,319.87399151389155,15.549688736202118,5.621834913679013,26615,0,87.28272163988424,71.52407081795259,81.9452802045409,4.472256512469128,3.664803130608655,0.02584263760603809,0.1147440985059594,0.38610264485484674,0.23046875,4.576115557312432,0,1,1,1,0,0,0,0,0,,
27.622400000000024,1615,,,,-0.0234375,0.068359375,-0.990234375,-0.025754922434973758,324.5293651704429,15.54694209086863,5.6589601844986985,26709,0,87.85028612088865,72.03558406295966,81.99812117155001,4.505125756831537,3.6941184770174327,0.025682344486562276,0.11518914941915857,0.3911661695697599,0.236328125,4.6497163553641485,0,1,1,1,0,0,0,0,0,,
27.74101999999996,1620,,,,-0.01953125,0.06640625,-0.9921875,-0.026025051766107875,328.40253352908854,15.543735196648354,5.687946101967176,26774,0,88.31332233035512,72.96869170715176,82.62478387371337,4.500595061332329,3.718606942456855,0.024217117505655597,0.11564227772484197,0.39537891062039987,0.234375,4.705328674142319,0,1,1,1,0,0,0,0,0,,
27.845329999999958,1624,,,,-0.025390625,0.07421875,-0.99609375,-0.026191249654241484,329.6781665162688,15.54036502676023,5.759427446143409,26852,0,89.38114961264101,73.64821612183515,82.39792891567286,4.4763903849468285,3.688452967376502,0.023791079980488277,0.11632863085486754,0.39676638231102473,0.236328125,4.7443415084053004,0,1,1,1,0,0,0,0,0,,
27.954369999999994,1628,,,,0.001953125,0.05078125,-0.97265625,-0.026346601202902675,329.6781665162688,15.536357392359339,5.8281427412880245,26945,0,90.45637318422493,74.34279258637552,82.18635124245782,4.43456796613109,3.644609604730016,0.02313730077527825,0.11675113206644545,0.39676638231102473,0.23828125,4.782249400199216,0,1,1,1,0,0,0,0,0,,
28.059239999999992,1631,,,,0.013671875,0.064453125,-0.974609375,-0.026672215194667212,331.05905844596845,15.53255670609413,5.861524463222759,27041,0,90.92982832414465,75.52721853139494,83.06099321133344,4.383307963451014,3.640819129953885,0.021874082793840205,0.11772848785014589,0.39826834132237465,0.240234375,4.819267139447097,0,1,1,1,0,0,0,0,0,,
28.170070000000006,1635,,,,-0.041015625,0.052734375,-1.001953125,-0.026672215194667212,334.6217516308383,15.529660799200663,5.9070242887279925,27137,0,91.55699732192352,75.7975398147725,82.78727135214015,4.4146782659246995,3.6547916753350362,0.021874082793840205,0.11772848785014589,0.4021433868770648,0.240234375,4.8568940463189225,0,1,1,1,0,0,0,0,0,,
28.272979999999983,1639,,,,0.048828125,0.107421875,-1.009765625,-0.026899730596264992,337.06540630012586,15.525985763104721,5.973414233426311,27238,0,92.60704799194772,76.72823250460813,82.85355614756203,4.392977595044725,3.6397381582602013,0.020137991054228824,0.11767979925832676,0.40480128433610935,0.240234375,4.897228701932827,1,1,1,1,0,0,0,0,0,,
28.383195000000008,1642,,,,-0.068359375,0.103515625,-0.974609375,-0.02711615648692842,337.06540630012586,15.522196482510745,6.030424496820791,27274,0,93.47871406045213,77.44627986036244,82.84910702802179,4.352247866622686,3.605798493143024,0.0195856935594173,0.11857572054905972,0.40480128433610935,0.23828125,4.935374218852768,0,1,1,1,0,0,0,0,0,,
28.488705000000017,1646,,,,-0.015625,0.07421875,-0.978515625,-0.02711615648692842,341.53033844524145,15.518893507408881,6.073781748991085,27399,0,94.10107522452796,77.80230672757588,82.67950875368561,4.389719955747675,3.6293988950746834,0.0195856935594173,0.11857572054905972,0.4096576709411645,0.23828125,4.975626657158078,0,1,1,1,0,0,0,0,0,,
28.612940000000002,1649,,,,-0.01953125,0.0703125,-0.998046875,-0.02755750003599004,345.22228851216556,15.516206162809022,6.117666590370831,27461,0,94.82752066121526,79.24843771052139,83.57113753258155,4.356203080913636,3.6405284679488883,0.019032266528265465,0.12089376556678372,0.4136733057299613,0.232421875,5.014270856895359,0,1,1,1,0,0,0,0,0,,
28.718780000000027,1653,,,,0.0234375,0.087890625,-0.98828125,-0.02797935185471935,345.22228851216556,15.510756501456642,6.1842331235727475,27628,0,95.80997846665043,80.9510228496135,84.49122329965971,4.264582167831297,3.6031976422198095,0.01721544174771255,0.12200547010920583,0.4136733057299613,0.2265625,5.062034941220816,0,1,1,1,0,0,0,0,0,,
28.849804999999993,1657,,,,-0.021484375,0.08203125,-0.947265625,-0.027958992868668826,348.22075644952895,15.5066174554838,6.27285401358645,27741,0,97.10681939520578,81.2210489557678,83.64093218336603,4.287321586294294,3.5859557404752236,0.01762216777089306,0.12222531007592358,0.4169346586583879,0.22265625,5.105450566365692,0,1,1,1,0,0,0,0,0,,
28.99427999999997,1661,,,,0.001953125,0.07421875,-1.001953125,-0.028281079751197796,351.0204330540858,15.502164089974666,6.339421621983894,27911,0,98.12432148249277,82.65952047614056,84.23958426136844,4.246582015382087,3.5773030350759107,0.01654108472452994,0.12333647941282323,0.4199797916008292,0.216796875,5.156505594359355,0,1,1,1,0,0,0,0,0,,
29.114399999999964,1666,,,,-0.017578125,0.0859375,-0.98046875,-0.028689249624722427,354.4076753244087,15.498651608334537,6.389611156252099,27997,0,98.84753616123542,84.11226986934784,85.09293517660156,4.213507445167186,3.5853971589773934,0.015168029937303623,0.12474202561206427,0.423664003914709,0.216796875,5.212308762741244,0,1,1,1,0,0,0,0,0,,
29.22356,1670,,,,-0.001953125,0.0703125,-0.986328125,-0.028689249624722427,357.388302794539,15.494698134208631,6.445592036879312,28126,0,99.75503104408999,84.50045648197023,84.70796469866517,4.229424522349114,3.582659431348176,0.015168029937303623,0.12474202561206427,0.42690595224676503,0.21484375,5.261017586336656,0,1,1,1,0,0,0,0,0,,
29.41130499999999,1674,,,,-0.03515625,0.076171875,-0.98828125,-0.02899609569009945,360.6621858365526,15.489181016248937,6.508793241005376,28222,0,100.67381781434375,85.69458998785943,85.12102932849129,4.208692589434742,3.5824824533987862,0.014364507373634745,0.12599469482365452,0.43046686677693213,0.21875,5.331689121196054,0,1,1,1,0,0,0,0,0,,
29.52653000000003,1680,,,,-0.0234375,0.087890625,-0.9921875,-0.029115441591686077,362.68106242011925,15.486072855200465,6.5298268274103055,28328,0,100.97038744588048,86.36976506473611,85.5396985685826,4.1991669439911234,3.5919547462815684,0.014245457418733188,0.12664776418589044,0.43266274453700476,0.224609375,5.376103531970009,1,1,1,1,0,0,0,0,0,,
29.636659999999974,1684,,,,0.0078125,0.056640625,-0.98046875,-0.02929226310808713,365.93053600619413,15.482333837940558,6.576241154909016,28389,0,101.58618746258801,87.08385564332238,85.72411054937314,4.202047937621993,3.6021682193847306,0.012969890268120371,0.1266730988756993,0.4361971095584661,0.224609375,5.4187709901322085,0,1,1,1,0,0,0,0,0,,
29.741044999999982,1688,,,,-0.05078125,0.08984375,-0.98828125,-0.029402094878442513,365.93053600619413,15.477398001900047,6.641202550391308,28482,0,102.59212781156468,87.69684640349219,85.48106786962126,4.172676111094712,3.566848098504344,0.012311372660672755,0.12680352690103308,0.4361971095584661,0.22265625,5.463343404489823,0,1,1,1,0,0,0,0,0,,
29.85378999999998,1691,,,,0.0078125,0.11328125,-0.94921875,-0.029731069615646727,368.4666571187632,15.472478669371421,6.713816097703861,28554,0,103.76932502811948,88.89975709182252,85.67055540520515,4.14474312610531,3.5508244562534816,0.011992383844625802,0.1286115611966019,0.4389555802808827,0.220703125,5.506179938139746,0,1,1,1,0,0,0,0,0,,
29.95827000000002,1695,,,,0.044921875,0.125,-1.021484375,-0.029731069615646727,371.0146230496672,15.467065057142555,6.807856069432756,28688,0,105.07892972391141,89.31963690257894,85.00242354700502,4.153785616642546,3.5308184430930716,0.011992383844625802,0.1286115611966019,0.44172693429362303,0.21484375,5.554533130707451,0,1,1,1,0,0,0,0,0,,
30.078080000000018,1698,,,,0,0.1015625,-0.9609375,-0.03031732856455556,371.0146230496672,15.463303868584841,6.841533831172244,28777,0,105.64099302891793,91.36100037023938,86.48252704821738,4.060973736563028,3.5120327101441244,0.009757440951344253,0.13040507713991,0.44172693429362303,0.212890625,5.597922652391791,0,1,1,1,0,0,0,0,0,,
30.18481,1702,,,,-0.015625,0.052734375,-1.013671875,-0.03048016807827975,375.0888730098011,15.459455860747072,6.853516572342267,28924,0,105.7765376309486,92.32193926176687,87.28016753949306,4.062835724738031,3.546049827405731,0.009257659846060109,0.13100696661029096,0.4461583863938942,0.208984375,5.644828702346053,0,1,1,1,0,0,0,0,0,,
30.31323999999999,1706,,,,-0.021484375,0.07421875,-0.9921875,-0.03048016807827975,377.354536381787,15.45240342996016,6.981122586443295,29053,0,107.67779370020625,92.73247562519445,86.12033404341273,4.069281379987915,3.5044787176119883,0.009257659846060109,0.13100696661029096,0.4486226875061325,0.208984375,5.693453873914067,0,1,1,1,0,0,0,0,0,,
30.464024999999964,1710,,,,-0.009765625,0.06640625,-0.98828125,-0.03082463511575141,382.39030204718836,15.448552546281078,7.039198570680646,29179,0,108.53703198315901,94.18764591550045,86.7792717329095,4.0598774746981805,3.523132105791518,0.009089040383068162,0.1330419233010894,0.45409995437801665,0.205078125,5.7484763082515205,0,1,1,1,0,0,0,0,0,,
30.580875,1715,,,,-0.033203125,0.068359375,-0.990234375,-0.031079966207552264,387.65280770059866,15.440730151417604,7.155708376442652,29221,0,110.42784576027525,95.10621008633551,86.12520640201471,4.0759989000581065,3.510462465618893,0.009049735971767907,0.13462375359237547,0.45982384023644046,0.203125,5.817625519769065,0,1,1,1,0,0,0,0,0,,
30.68854500000004,1719,,,,-0.001953125,0.07421875,-0.990234375,-0.031585326410646555,392.4453604857413,15.435508718131413,7.264953584709706,28934,0,112.0932921729781,95.70363424211929,85.37855601067822,4.10063174291688,3.5010601694179395,0.006237311068460296,0.13541037892906888,0.46503657099994106,0.197265625,5.874594762101795,0,1,1,1,0,0,0,0,0,,
30.800205000000016,1723,,,,-0.025390625,0.06640625,-0.990234375,-0.031912561424503424,392.4453604857413,15.43097461618017,7.3561417704527345,29368,0,113.39538884910056,98.14306977611527,86.54943624446483,3.998706799990979,3.4608581924612727,0.004904759801865016,0.13633855713949367,0.46503657099994106,0.189453125,5.926855570133328,0,1,1,1,0,0,0,0,0,,
30.90253999999998,1726,,,,-0.017578125,0.080078125,-0.974609375,-0.03235276448694332,399.45806115136565,15.424865284873682,7.433859204959383,29188,0,114.5598828141664,98.8867259241231,86.31880855232058,4.039551895548391,3.4868930670900524,0.003018803232378056,0.13750711177199584,0.4726640968997593,0.19140625,5.980018384862123,0,1,1,1,0,0,0,0,0,,
31.012565000000002,1730,,,,-0.0078125,0.05859375,-0.96484375,-0.03235276448694332,402.41375896437324,15.418318562795289,7.512550194237114,29184,0,115.79678411614272,98.87320991905823,85.38510863988212,4.069997922529329,3.475172147792613,0.003018803232378056,0.13750711177199584,0.475878929914273,0.19140625,6.03123364389198,0,1,1,1,0,0,0,0,0,,
31.11763500000001,1733,,,,-0.01953125,0.09765625,-1.009765625,-0.03284652733790126,406.49024747823194,15.414228888986328,7.581782479137498,29811,0,116.71118748059364,102.54190848547287,87.85953660399798,3.9641377216596223,3.4828730325944273,0.0016114924806964225,0.1394248542033225,0.48031281682922233,0.1953125,6.086839972950153,0,1,1,1,0,0,0,0,0,,
31.228755000000003,1737,,,,-0.037109375,0.083984375,-0.990234375,-0.03299086463327949,406.49024747823194,15.407532833067922,7.696116302159798,30019,0,118.19106994574119,103.7079978963942,87.74605217128854,3.9195650839226657,3.4392636234263914,0.0014292212218021986,0.1401818536068824,0.48031281682922233,0.201171875,6.1436889643117025,0,1,1,1,0,0,0,0,0,,
31.33232500000001,1741,,,,-0.009765625,0.072265625,-0.97265625,-0.03299086463327949,412.2547161316974,15.403276836347345,7.735380523723684,29676,0,118.74476061458888,102.52615931538533,86.34162786192778,4.0209710271457855,3.4717718406941493,0.0014292212218021986,0.1401818536068824,0.4865826743419675,0.203125,6.199155750409387,1,1,1,1,0,0,0,0,0,,
31.455764999999957,1744,,,,-0.013671875,0.064453125,-0.958984375,-0.033282693782210424,414.94516047949554,15.395645117876532,7.819028062153198,29985,0,119.93383507084573,104.50900887969698,87.1388868853921,3.970424798087499,3.4597839736750235,0.0012892415021316863,0.14190831212461197,0.4895089982966522,0.20703125,6.254515738595385,0,1,1,1,0,0,0,0,0,,
31.588020000000018,1748,,,,0.0078125,0.0859375,-0.99609375,-0.033553523701041046,419.8406985025588,15.390449157525756,7.914129401448349,30472,0,121.51424422043397,107.06946413046951,88.11268573274359,3.921199213166527,3.4550739396522365,0.00043717531120660073,0.14289148840677648,0.49483374333353947,0.203125,6.321741349610752,0,1,1,1,0,0,0,0,0,,
31.782775000000022,1753,,,,-0.001953125,0.099609375,-0.978515625,-0.033921451034859995,419.8406985025588,15.388116305728643,7.953285791183781,30599,0,122.07961355566407,108.69473678456272,89.03594434708928,3.862566955147973,3.43907296455461,-0.0007927705864323183,0.14416508942782985,0.49483374333353947,0.205078125,6.427923095798897,1,1,1,1,0,0,0,0,0,,
31.897619999999996,1759,,,,-0.015625,0.0546875,-0.978515625,-0.03428800951813561,426.6844332050589,15.3822298247694,8.027219993284206,30709,0,123.1739344793767,110.26499209971097,89.51974503840574,3.869627386534564,3.464080570362065,-0.0025032362325187363,0.14501811714894638,0.50227748949979,0.22265625,6.49127006119672,0,1,1,1,0,0,0,0,0,,
32.02152999999997,1763,,,,0,0.1328125,-0.974609375,-0.03456563486293039,426.6844332050589,15.373495826912308,8.159868163589021,30857,0,125.16718652826384,111.69314007152461,89.23516072345632,3.820148962880122,3.4089160669015266,-0.004219984245037594,0.14530306450489439,0.50227748949979,0.234375,6.554878088562433,0,1,1,1,0,0,0,0,0,,
32.12602500000002,1767,,,,-0.033203125,0.060546875,-0.978515625,-0.03501403367778383,428.1600165904843,15.364887766769172,8.228755283646425,31049,0,125.99483718482553,113.84553184711922,90.3572990694181,3.7608855582092713,3.3982346114897055,-0.005075009067074147,0.14740721296075235,0.5038824418607036,0.240234375,6.615749754887727,0,1,1,1,0,0,0,0,0,,
32.23596000000002,1771,,,,-0.03125,0.109375,-0.994140625,-0.03501403367778383,432.14843754654646,15.355864169495906,8.46397421989096,31193,0,129.6798387693561,114.37573746945644,88.19855002509759,3.778322632996792,3.3324257775732598,-0.005075009067074147,0.14740721296075235,0.5082205400617101,0.23828125,6.684256965757698,0,1,1,1,0,0,0,0,0,,
32.34178000000003,1774,,,,-0.0234375,0.099609375,-1.013671875,-0.035438839138802,436.4897704049394,15.34912614163322,8.557025056362743,31378,0,131.7149039027202,116.44699995882254,88.4083702819432,3.7483985895668326,3.313898104707382,-0.0047221562342794855,0.1503975022159967,0.5129424910469338,0.240234375,6.751247752614221,0,1,1,1,0,0,0,0,0,,
32.45098499999999,1778,,,,-0.03125,0.01171875,-0.99609375,-0.03558290117141245,436.4897704049394,15.342336769416697,8.664403810423131,31528,0,133.11670231587112,117.48238015476008,88.25517618066249,3.7153636981983973,3.279000777597373,-0.00464800288364888,0.15137257293649414,0.5129424910469338,0.24609375,6.817837914823611,0,1,1,1,0,0,0,0,0,,
32.555445000000006,1781,,,,0,0.07421875,-0.978515625,-0.036206082209702756,446.2925906457654,15.338481289290133,8.878052498439196,31701,0,136.07998240619727,120.19552871595505,88.32711952972826,3.7130548483250148,3.279634394084406,-0.0071169811481754655,0.1531990807802096,0.5236047549654103,0.248046875,6.89494017707826,0,1,1,1,0,0,0,0,0,,
32.6675,1785,,,,-0.15234375,0.08203125,-0.95703125,-0.036206082209702756,451.2007374528201,15.329676431953342,8.923312271705296,31813,0,136.51898544454366,120.6183847522711,88.3528282601165,3.7407293952701064,3.3050402182786915,-0.0071169811481754655,0.1531990807802096,0.5289432142375182,0.259765625,6.96294524656237,0,1,1,1,0,0,0,0,0,,
32.77744999999995,1789,,,,-0.06640625,0.109375,-0.970703125,-0.0367786057771168,457.9219672925138,15.325444356601892,8.991996906204598,31988,0,137.35003869284958,123.2014377144033,89.6988736857321,3.7168557103532796,3.3339777087107083,-0.010199553519359781,0.15417908356598523,0.5362537151593952,0.279296875,7.0359703072349475,1,1,1,1,0,0,0,0,0,,
32.90736000000005,1792,,,,-0.02734375,0.09375,-0.974609375,-0.0369359967768431,457.9219672925138,15.319143011037399,9.093143530946264,32077,0,139.08170400610572,124.0711365891176,89.20737452545939,3.690801743914052,3.292467334685595,-0.010911286885987857,0.15456480911619946,0.5362537151593952,0.287109375,7.108968683062243,0,1,1,1,0,0,0,0,0,,
33.03509499999997,1797,,,,0.0234375,0.052734375,-0.984375,-0.03760279268356799,463.5897619246757,15.311383866377408,9.182701763677574,32289,0,140.28773533995715,127.14671569480939,90.63280933767778,3.6461009581830766,3.3045637296893107,-0.01273813107006143,0.1572177273917739,0.542418422939321,0.296875,7.196769640973496,1,1,1,1,0,0,0,0,0,,
33.14953499999997,1801,,,,-0.013671875,0.07421875,-0.984375,-0.037668612900057304,467.2246542327474,15.308159860816765,9.187273865928518,32304,0,140.63812056841402,127.42898670005644,90.60771445539054,3.666549239165695,3.322176464989547,-0.014621349839786768,0.15601984546541514,0.5463719975384442,0.3125,7.27324588753075,0,1,1,1,0,0,0,0,0,,
33.25636499999999,1805,,,,-0.087890625,0.0546875,-0.982421875,-0.037668612900057304,469.2549602147623,15.298028774491948,9.307046569999935,32477,0,142.1244979050528,128.11212171638078,90.14077348014057,3.662845903478328,3.301717628781008,-0.014621349839786768,0.15601984546541514,0.548580306747803,0.314453125,7.347657013345966,0,1,1,1,0,0,0,0,0,,
33.367065000000004,1808,,,,0.03515625,0.076171875,-0.9765625,-0.03864065063335527,474.204063479542,15.29216562833249,9.503165784759263,32638,0,145.0425964636947,132.06674575708533,91.0537655675122,3.5906394207044445,3.2694124005029033,-0.017648228163164605,0.15957538400929974,0.5539633132574101,0.3125,7.42686462140199,0,1,1,1,0,0,0,0,0,,
33.469280000000026,1812,,,,-0.025390625,0.09375,-0.978515625,-0.0390399383646478,474.204063479542,15.28217042568461,9.557239330297486,32835,0,145.88889854343523,134.23670068118773,92.01296467477385,3.5325962354049287,3.2504465261855287,-0.018656704331045125,0.1612372563995134,0.5539633132574101,0.3125,7.501215671316322,1,1,1,1,0,0,0,0,0,,
33.57963,1815,,,,0,0.07421875,-0.974609375,-0.0390399383646478,483.86274734006554,15.277362701991315,9.630416561593467,32542,0,146.762748952575,133.0395301357446,90.64938554587518,3.6369847882532693,3.296904362948538,-0.018656704331045125,0.1612372563995134,0.5644688039117356,0.3125,7.572222024562993,0,1,1,1,0,0,0,0,0,,
33.682789999999976,1819,,,,-0.044921875,0.056640625,-0.986328125,-0.03952174387280198,488.694216446307,15.27373317079742,9.69546639110919,32893,0,147.89395645606717,136.1360134403404,92.0497474694177,3.5897497223280306,3.3043555541870755,-0.020708476392342398,0.16252689595420927,0.5697238629109989,0.3125,7.64679848119041,0,1,1,1,0,0,0,0,0,,
33.799994999999996,1822,,,,0.005859375,0.0703125,-0.974609375,-0.0397060206406172,488.694216446307,15.266448333695674,9.759955351363882,33027,0,148.74380565239426,137.32846637791505,92.3255027499053,3.5585791448472626,3.285476086233516,-0.02150370910945355,0.16301115477350892,0.5697238629109989,0.314453125,7.717735613642886,0,1,1,1,0,0,0,0,0,,
33.93060999999999,1827,,,,-0.001953125,0.09375,-0.994140625,-0.03990359156897593,493.08470877929426,15.261567465172,9.803433414783505,33254,0,149.4052524394097,138.9596408398316,93.00853790008871,3.5484022972370535,3.300317095473343,-0.02195699467092678,0.16387265279438554,0.5744992833345415,0.322265625,7.798342710564307,0,1,1,1,0,0,0,0,0,,
34.069685,1831,,,,-0.04296875,0.080078125,-1.001953125,-0.04047309792610869,496.3636679580926,15.251358621123561,9.994952154274102,33485,0,152.29178868798647,141.92206792873807,93.19088648929473,3.4974382434120592,3.259293703451316,-0.02281923363396277,0.1667368849891498,0.5780657190421611,0.337890625,7.8889321951737745,0,1,1,1,0,0,0,0,0,,
34.266540000000035,1838,,,,-0.029296875,0.0703125,-0.96875,-0.040890665998052425,505.2456024838654,15.240007700606178,10.162561168491397,33349,0,154.810885072827,142.8006439912836,92.24199184967293,3.538118515170737,3.2636309923955604,-0.023848585276971847,0.16849652525292652,0.5877263603365932,0.37109375,8.04677678533714,0,1,1,1,0,0,0,0,0,,
34.36647500000004,1842,,,,-0.03125,0.080078125,-0.98828125,-0.04117926864237261,505.2456024838654,15.233289885466458,10.271700695632617,33177,0,156.37679444053248,143.06654744580135,91.48834899554564,3.5315425688543316,3.230949990319708,-0.024455739764795148,0.16980209639754903,0.5877263603365932,0.40234375,8.125575595696152,1,1,1,1,0,0,0,0,0,,
34.47545000000001,1845,,,,0,0.05078125,-0.951171875,-0.04117926864237261,513.0140426233429,15.224187630001513,10.477919841628989,33452,0,159.66333404045483,144.2531899776022,90.34835132595435,3.556344526613222,3.2130986472658627,-0.024455739764795148,0.16980209639754903,0.5961758837356896,0.421875,8.207988476932055,1,1,1,1,0,0,0,0,0,,
34.577984999999984,1849,,,,-0.244140625,-0.345703125,-1.025390625,-0.04199671580514144,515.4526598732551,15.214889177048686,10.570108482726758,33950,0,160.9164201264992,149.30735243702216,92.78565376960852,3.4522925459459413,3.2032322087954035,-0.027401140912477993,0.17244935837685083,0.5988283021291664,0.447265625,8.2901589559374,0,1,1,1,0,0,0,0,0,,
34.688815000000005,1852,,,,0.072265625,0.275390625,-0.95703125,-0.04232448862991738,515.4526598732551,15.209180733277417,10.63401990674015,34142,0,161.57440789742094,151.32373121059177,93.65575475706707,3.406290974651678,3.190187521531885,-0.02858932874149344,0.173504690998046,0.5988283021291664,0.46875,8.368623234104188,0,1,1,1,0,0,0,0,0,,
34.793744999999994,1856,,,,-0.05078125,0.0390625,-1.01171875,-0.042564610810810186,526.5399788305913,15.203276916051916,10.754884606963525,34357,0,163.2293663596792,153.14187200857185,93.82004931093138,3.4382495912099023,3.2257674619060266,-0.02924012772148582,0.17446610502529286,0.6108876807536064,0.490234375,8.454731182184265,0,1,1,1,0,0,0,0,0,,
34.902050000000045,1859,,,,0.025390625,0.1015625,-0.998046875,-0.042564610810810186,528.871208611352,15.195243722525769,10.924328924693329,34450,0,165.6722067460778,153.55775681079362,92.68769929898276,3.4441191353361678,3.1922747876591124,-0.02924012772148582,0.17446610502529286,0.6134232966851895,0.498046875,8.539551263932267,0,1,1,1,0,0,0,0,0,,
35.00954499999998,1863,,,,-0.025390625,0.072265625,-1.005859375,-0.04294683367383338,533.9423197453509,15.190029218998236,10.964235926491959,34620,0,166.13925909226873,155.70158627115632,93.71751572858787,3.4292670520098842,3.213823888842645,-0.029710257346816902,0.17648148789526935,0.6189390078726124,0.505859375,8.62338148167678,0,1,1,1,0,0,0,0,0,,
35.13446500000003,1867,,,,-0.03515625,0.0546875,-0.98046875,-0.04335428677227815,533.9423197453509,15.181375600999816,11.139547704564635,34706,0,168.50928293736973,157.56667235237947,93.50622684148662,3.3886754843134033,3.168622585283937,-0.03204604052116699,0.17705722647987157,0.6189390078726124,0.5078125,8.71223211219816,0,1,1,1,0,0,0,0,0,,
35.26989500000002,1871,,,,-0.033203125,0.072265625,-0.98828125,-0.04381942985361329,541.0788254837462,15.175475924055029,11.22325724751628,34938,0,169.9239958542749,160.32413652937439,94.35049812909693,3.374905595606376,3.1842402408413815,-0.0338382290046337,0.1784639609371685,0.626701193220212,0.5078125,8.819176340806047,0,1,1,1,0,0,0,0,0,,
35.40626000000001,1875,,,,-0.02734375,0.056640625,-0.966796875,-0.04394485223864332,547.0506096454292,15.17007670761313,11.291180355455495,35015,0,170.8548642662882,161.13563246469045,94.3114105393864,3.394969823110379,3.2018439275619097,-0.03461617096630664,0.17859066016692948,0.6331965422352701,0.51953125,8.9183976948525,0,1,1,1,0,0,0,0,0,,
35.512300000000046,1880,,,,-0.015625,0.09765625,-0.978515625,-0.04394485223864332,551.8930221983777,15.162828996026033,11.37264311986804,35100,0,172.0898637486747,161.52681119287698,93.86189731010286,3.416727032018045,3.2070048181593025,-0.03461617096630664,0.17859066016692948,0.6384635041271807,0.521484375,9.023673133482337,1,1,1,1,0,0,0,0,0,,
35.62439499999996,1883,,,,-0.02734375,0.05859375,-0.994140625,-0.04439204643257311,554.7249391235513,15.156903681308625,11.439225460368748,35149,0,173.10428419309062,163.396361930552,94.39186481848719,3.394965056561815,3.204570826824706,-0.03656483262289306,0.17974969665546064,0.6415437039992185,0.517578125,9.104639860352892,0,1,1,1,0,0,0,0,0,,
35.727234999999986,1887,,,,0.01171875,0.052734375,-0.984375,-0.04463341005437243,554.7249391235513,15.145676452277378,11.643931975087543,35356,0,175.74536128429253,165.25202699525323,94.02923968384869,3.356841965632805,3.156412977672888,-0.03693143931048278,0.18096258152300912,0.6415437039992185,0.51171875,9.19967464838241,0,1,1,1,0,0,0,0,0,,
35.84127999999997,1891,,,,-0.087890625,0.05078125,-1,-0.045436069662787376,558.4984807221783,15.134761031638247,11.777187209048819,35417,0,177.86271963499684,168.5147326825335,94.74426851695121,3.3142412644379227,3.140053642878664,-0.041098364536300475,0.18246916219665593,0.6456480837025559,0.5078125,9.285856414925922,0,1,1,1,0,0,0,0,0,,
35.94775,1894,,,,-0.0625,0.072265625,-0.978515625,-0.045436069662787376,564.9469813273349,15.126506012795225,11.827685131369584,35045,0,178.65095684082422,166.74477876248508,93.33550836285337,3.388093981233786,3.162294741195792,-0.041098364536300475,0.18246916219665593,0.6526619443713751,0.51171875,9.376158984327414,0,1,1,1,0,0,0,0,0,,
36.08097000000003,1898,,,,-0.048828125,0.08984375,-1.013671875,-0.04635465111493211,571.8666170752476,15.120546370388364,11.933151133948567,35596,0,180.21945939920462,172.791023610843,95.87811670663883,3.3095852152782883,3.1731679752101813,-0.04503395873170764,0.1849075021130052,0.6601882460632802,0.515625,9.466493492863462,0,1,1,1,0,0,0,0,0,,
36.21984999999998,1902,,,,-0.052734375,0.115234375,-0.978515625,-0.04669516279752226,571.8666170752476,15.109482575840108,12.038474153870645,35894,0,181.98709768028934,175.5179852793526,96.44529063686618,3.2581653450788575,3.142347036490958,-0.04595916056268549,0.18626887315887536,0.6601882460632802,0.56640625,9.577759975164954,0,1,1,1,0,0,0,0,0,,
36.41295999999996,1910,,,,-0.029296875,0.06640625,-0.990234375,-0.046963878807751824,581.3256190304469,15.099205686315354,12.233445762288467,36064,0,185.07251125452916,177.365521204352,95.8356916443535,3.2775570758234998,3.141069492653899,-0.04647548922036552,0.18752647616006424,0.6704765480798457,0.583984375,9.757236523032855,0,1,1,1,0,0,0,0,0,,
36.516150000000025,1913,,,,-0.029296875,0.099609375,-0.998046875,-0.047211573578068995,586.865023659169,15.092371108823201,12.36830972451375,36149,0,186.83530297123792,178.72224409553738,95.65764138432151,3.2836708526637324,3.1410820884825656,-0.04779150690847553,0.1879655627790266,0.6765016095062182,0.580078125,9.852333707135148,0,1,1,1,0,0,0,0,0,,
36.627995,1917,,,,-0.052734375,0.076171875,-0.9765625,-0.04748916330088385,586.865023659169,15.083868167460782,12.552790725788029,36251,0,189.41953655867303,180.2760654067781,95.17289962903972,3.255368494619385,3.0982285899394886,-0.048433212879677646,0.18917183500051213,0.6765016095062182,0.5703125,9.946731375196308,0,1,1,1,0,0,0,0,0,,
36.73317999999999,1921,,,,0.001953125,0.0546875,-0.984375,-0.04762372952527452,591.7731592089909,15.075088237040696,12.649766061244797,36453,0,190.9362528332305,181.79482369514926,95.21231353269218,3.255170566359646,3.099323205666258,-0.04878679670940176,0.18972015819424784,0.6818400565341369,0.576171875,10.043596434492263,0,1,1,1,0,0,0,0,0,,
36.84296000000002,1924,,,,-0.041015625,0.095703125,-0.96875,-0.04762372952527452,597.9523412518015,15.068985525928813,12.76483083170599,36523,0,192.2567915004267,182.14607500705978,94.74103545863842,3.282817602457948,3.110175388787108,-0.04878679670940176,0.18972015819424784,0.6885609866463068,0.580078125,10.135267562555937,0,1,1,1,0,0,0,0,0,,
36.945484999999984,1928,,,,-0.021484375,0.078125,-1.01171875,-0.04806016105274184,602.1080153654186,15.062299688262982,12.845916052718573,36637,0,192.97665848143794,184.38994873561379,95.55038945466553,3.265405839603258,3.1201079970163037,-0.049603739003908354,0.19178123280308604,0.693081001608331,0.583984375,10.228583976300259,1,1,1,1,0,0,0,0,0,,
37.05626999999996,1931,,,,-0.001953125,0.109375,-0.986328125,-0.04805576537470986,602.1080153654186,15.05453377810133,12.924025608393858,36687,0,194.20670374591487,184.62554742192083,95.06651617107447,3.2612388901381775,3.10034619687058,-0.05008430365931306,0.19134146975944222,0.693081001608331,0.58984375,10.318230996164939,0,1,1,1,0,0,0,0,0,,
37.159879999999944,1935,,,,-0.041015625,0.080078125,-0.96875,-0.04805576537470986,606.9834876527992,15.048123443055044,13.022287087784552,36827,0,195.78816525352372,185.32731275762615,94.6570557610814,3.2751971558915405,3.100205198137608,-0.05008430365931306,0.19134146975944222,0.6983839216842059,0.59765625,10.41357958840578,0,1,1,1,0,0,0,0,0,,
37.27106,1938,,,,-0.03125,0.1015625,-0.986328125,-0.048410415102698306,609.6997044876036,15.042396365315149,13.15241605788175,36885,0,197.5263618321622,186.99007860798298,94.66588503607844,3.26059922016405,3.0866751092477696,-0.05151419874818071,0.19235966017680342,0.7013382776798285,0.607421875,10.506370689274604,0,1,1,1,0,0,0,0,0,,
37.37442999999999,1942,,,,-0.0078125,0.125,-0.99609375,-0.04879894928479358,609.6997044876036,15.032007478095228,13.294972306716232,37049,0,199.8247213026259,189.32699167755084,94.74653108151884,3.2203527826925162,3.0511725501883213,-0.05191652209253985,0.1944731008992074,0.7013382776798285,0.6171875,10.606161765553775,0,1,1,1,0,0,0,0,0,,
37.50051999999996,1945,,,,-0.013671875,0.099609375,-0.99609375,-0.049052088303284044,616.1142605698894,15.022623289270086,13.439735812712193,37186,0,201.58947672646343,191.01659497105425,94.75524123228143,3.2254488708860745,3.056281858431997,-0.05211751564722991,0.19590245799707182,0.7083152178040959,0.623046875,10.703519623136811,0,1,1,1,0,0,0,0,0,,
37.636265000000016,1950,,,,-0.015625,0.09375,-1.03125,-0.049052088303284044,621.0629557979317,15.017442831333602,13.525664470618553,37374,0,202.9852792355861,191.97790630701004,94.57725556748339,3.2350751591421734,3.0596453010620634,-0.05211751564722991,0.19590245799707182,0.7136977805031183,0.62890625,10.816644340521819,0,1,1,1,0,0,0,0,0,,
37.753820000000005,1954,,,,-0.037109375,0.0546875,-0.955078125,-0.04972964531964893,626.5582394223854,15.00553817401412,13.751716015713395,37486,0,206.30992717826896,195.2136844981825,94.62156628532063,3.2096020370345446,3.0369757189676427,-0.05498806975509129,0.197728771974869,0.7196748526998302,0.634765625,10.94913235248447,0,1,1,1,0,0,0,0,0,,
37.85592000000004,1958,,,,0.01953125,0.03125,-0.990234375,-0.05012064357448458,629.5465548778457,14.998461883562138,13.822277472273989,37656,0,207.2283324091282,197.6405169735362,95.37330859920115,3.18531121309575,3.0379366931107668,-0.055467174660059,0.19979198441827498,0.7229251630467529,0.642578125,11.050566789318431,0,1,1,1,0,0,0,0,0,,
37.967475000000036,1962,,,,0,0.0703125,-0.962890625,-0.05030179746032686,629.5465548778457,14.992808228342286,13.892176678482457,37708,0,208.1602643027567,198.63112172816975,95.42220864942438,3.169425563328346,3.0243358740273685,-0.05609393477031994,0.20040090274941716,0.7229251630467529,0.65234375,11.145156477467943,0,1,1,1,0,0,0,0,0,,
38.07246500000002,1965,,,,0,0.111328125,-0.9609375,-0.05055364963100643,639.8014934520338,14.990563674075418,13.915839354567341,37758,0,208.44752170204526,199.8919849647843,95.89559200924911,3.200736105375861,3.0693648369039646,-0.05800472149483502,0.2003564445277971,0.7340791839162151,0.65625,11.24049184453117,0,1,1,1,0,0,0,0,0,,
38.18957000000001,1969,,,,-0.0546875,0.09765625,-1,-0.05055364963100643,641.9719279852247,14.988202038289296,13.919670904132303,37775,0,208.49054262136139,199.97702279950963,95.91659184401801,3.210228450239729,3.079141719876986,-0.05800472149483502,0.2003564445277971,0.7364399071817787,0.658203125,11.329556310089655,0,1,1,1,0,0,0,0,0,,
38.31283000000002,1973,,,,-0.119140625,0.09375,-0.962890625,-0.050489185662565314,642.5635581272967,14.986065678258438,13.924987462847014,37766,0,208.4894313985728,199.67915847738158,95.77423523960384,3.217980098809773,3.081995829797708,-0.05859998506405675,0.19943829677877867,0.7370834073747768,0.666015625,11.424303842528978,0,1,1,1,0,0,0,0,0,,
38.45358500000002,1977,,,,-0.07421875,0.052734375,-1.0078125,-0.05056310422731198,642.5635581272967,14.982883291376005,13.920316989584329,37763,0,208.39233897367234,199.95143214906017,95.9495119320684,3.2135981784230343,3.083431767654742,-0.059025719651856656,0.19954104273763892,0.7370834073747768,0.6640625,11.519690571787724,0,1,1,1,0,0,0,0,0,,
38.658625,1984,,,,0.033203125,0.068359375,-0.982421875,-0.050532088305306526,641.3380984508553,14.979042391748417,13.915696715176413,37764,0,208.25191326210702,199.83672004381324,95.95912801641234,3.2093105727027798,3.079626440904116,-0.05929756869602473,0.19911176463986915,0.735750507844777,0.666015625,11.682799405169941,0,1,1,1,0,0,0,0,0,,
38.76352999999997,1988,,,,0.041015625,0.12109375,-0.998046875,-0.05045646446922113,640.8441377473107,14.977394798367602,13.907523110521584,37774,0,208.07720489271418,199.59225574403072,95.92221110762308,3.210766546820175,3.079838265213788,-0.0593558825775872,0.1985832918908631,0.7352132400731399,0.67578125,11.764502433891286,0,1,1,1,0,0,0,0,0,,
38.87280499999999,1992,,,,-0.0546875,0.09765625,-0.98828125,-0.05047702877165977,640.8441377473107,14.976597962867135,13.897655959922506,37767,0,207.96822865427103,199.63440392466293,95.99274139923443,3.2100886678287646,3.0814521135949957,-0.058694952763031556,0.19927996962733355,0.7352132400731399,0.677734375,11.831438708975671,1,1,1,1,0,0,0,0,0,,
38.975179999999995,1995,,,,-0.064453125,0.03125,-0.966796875,-0.05034202840755614,642.494087628067,14.97457486617265,13.890193076544232,37765,0,207.8574704627207,199.09152856092686,95.7827150103003,3.2271292117356367,3.0910319758908953,-0.057603106719758504,0.19936175455625385,0.7370078461812489,0.6796875,11.900555898082414,0,1,1,1,0,0,0,0,0,,
39.08628500000003,1999,,,,-0.1484375,0.01953125,-0.927734375,-0.05034202840755614,642.8395492662924,14.9726683954304,13.883328125464915,37761,0,207.7264956293826,199.0700024337291,95.83274479770839,3.229213550044012,3.0946439803866967,-0.057603106719758504,0.19936175455625385,0.7373835955135817,0.6875,11.962758401026033,0,1,1,1,0,0,0,0,0,,
39.18895000000001,2000,,,,-0.06640625,0.119140625,-1,-0.05021091709435894,642.3876536275363,14.971211385471907,13.883794318151857,37764,0,207.70798057655662,198.56385749654206,95.59760628617529,3.2351690872983943,3.09274420676757,-0.056796123535837094,0.19922395530751236,0.7368920807815296,0.69140625,12.029104720975125,0,1,1,1,0,0,0,0,0,,
39.29750500000001,2000,,,,0.025390625,0.16015625,-1.0234375,-0.050291277829021444,642.3876536275363,14.969989918465778,13.862767721700173,37765,0,207.39138741801452,198.89100751718667,95.90128596628045,3.2298476519710224,3.0974654329919247,-0.05754516355340628,0.1990903172664184,0.7368920807815296,0.6875,12.086280741224774,0,1,1,1,0,0,0,0,0,,
39.39875,2000,,,,-0.01953125,0.052734375,-0.974609375,-0.050291277829021444,640.3546405337606,14.969280386716484,13.854227810274377,37772,0,207.2376661806619,198.92565652621929,95.98914144922065,3.2190651106352344,3.0899529623901665,-0.05754516355340628,0.1990903172664184,0.7346808271195193,0.689453125,12.144993773764924,0,1,1,1,0,0,0,0,0,,
39.50796000000002,2000,,,,-0.05859375,0.017578125,-0.9765625,-0.05029958640954623,639.6114566935804,14.96801944117346,13.848347379261464,37767,0,207.12218623947442,198.93402200958954,96.04669862821082,3.2151939131997653,3.088087608123557,-0.05814235061505549,0.1986309648577441,0.7338724860452898,0.6875,12.198529666918427,0,1,1,1,0,0,0,0,0,,
39.60971000000002,2000,,,,0,0.046875,-0.998046875,-0.05024889489155203,639.6114566935804,14.96564974532765,13.85121778064503,37764,0,207.13302080066873,198.71579762520648,95.93631998272141,3.218724753328055,3.0879260787158636,-0.05780871738291836,0.19859622898788848,0.7338724860452898,0.68359375,12.25364411325053,0,1,1,1,0,0,0,0,0,,
39.727219999999974,2000,,,,-0.037109375,0.16796875,-0.990234375,-0.050110898296432844,638.9568825090983,14.963884627779667,13.831999667841114,37755,0,206.82972647909457,198.12511068737928,95.79140970696245,3.225017163610853,3.0892894043143313,-0.05720425981745538,0.19824125587640182,0.7331605233103102,0.68359375,12.30491072102146,0,1,1,1,0,0,0,0,0,,
39.89447499999998,2000,,,,-0.064453125,0.052734375,-0.97265625,-0.0499090240303596,638.4095056536548,14.960981043479904,13.84530120009764,37739,0,206.97894879798068,197.24035573883464,95.29488717780121,3.236708346333399,3.084417566912888,-0.05608619792174817,0.19792239115837343,0.732565156226938,0.69140625,12.385280868135979,0,1,1,1,0,0,0,0,0,,
39.99770000000001,2000,,,,0.021484375,0.146484375,-1.01171875,-0.0499090240303596,638.2471126403306,14.959251948005965,13.847942872845026,37747,0,206.95783982757106,197.2835600595113,95.32548282484974,3.2351763747967692,3.0839474995104914,-0.05608619792174817,0.19792239115837343,0.7323885257140811,0.705078125,12.43594253072211,0,1,1,1,0,0,0,0,0,,
40.11047999999998,2000,,,,0.07421875,0.16015625,-1.00390625,-0.04993935616914774,638.2845553523274,14.958097635274505,13.8365140669435,37744,0,206.8167185247553,197.3892921812242,95.44165171424346,3.233633133282199,3.0862328727835746,-0.05561828071783988,0.1985154168870278,0.7324292511448579,0.70703125,12.480262393740905,0,1,1,1,0,0,0,0,0,,
40.21332000000001,2000,,,,0.06640625,0.091796875,-0.984375,-0.04990031188414103,638.2845553523274,14.956877061383576,13.825312357796847,37731,0,206.61039709216112,197.16463796499778,95.42822662358567,3.237317614052276,3.089314789263063,-0.05551678090037185,0.19835538503477307,0.7324292511448579,0.701171875,12.52621773029368,0,1,1,1,0,0,0,0,0,,
40.32221500000003,2000,,,,-0.048828125,0.140625,-1.01171875,-0.049777380613973785,638.4390523867982,14.95539562995761,13.825324085000922,37728,0,206.6123686866478,196.663535108576,95.18478315634609,3.2463519586095213,3.0900330722942666,-0.05538896122958222,0.19768714803830048,0.7325972934138866,0.69921875,12.567971759761075,0,1,1,1,0,0,0,0,0,,
40.42477000000002,2000,,,,0.078125,0.060546875,-0.99609375,-0.049777380613973785,638.4471768338227,14.953605734129908,13.825790209145383,37728,0,206.5953947120731,196.66529759869272,95.19345669480207,3.246364176239228,3.0903262762638573,-0.05538896122958222,0.19768714803830048,0.7326061301563993,0.69921875,12.610336848209924,1,1,1,1,0,0,0,0,0,,
40.532149999999966,2000,,,,-0.0078125,0.09765625,-1.009765625,-0.04995975098743165,638.4511703930576,14.951745579622553,13.816400387903375,37727,0,206.4235228136893,197.3785112260503,95.6182263221025,3.234653896349756,3.0929186833484166,-0.05602774101897238,0.1982934597522525,0.7326104738433681,0.693359375,12.64767606031478,0,1,1,1,0,0,0,0,0,,
40.641815,2000,,,,-0.033203125,0.060546875,-0.96875,-0.05000749363380597,638.4511703930576,14.949646178497835,13.815203785809397,37727,0,206.3665877700725,197.56612097966172,95.73551761188396,3.231582253208193,3.0937719971626456,-0.05605819451457514,0.19856943011250514,0.7326104738433681,0.689453125,12.686537165659722,0,1,1,1,0,0,0,0,0,,
40.78070500000002,2000,,,,-0.052734375,0.0546875,-0.99609375,-0.05000749363380597,638.4365191911326,14.94781110759192,13.811806910400918,37735,0,206.3158866505753,197.6108768952486,95.78073705488815,3.2307762063601433,3.094461263045699,-0.05605819451457514,0.19856943011250514,0.7325945381250941,0.6875,12.725086290112522,0,1,1,1,0,0,0,0,0,,
40.91378999999998,2000,,,,-0.001953125,0.060546875,-0.9765625,-0.049971965952015834,637.7701978807681,14.945894041380708,13.797733111778943,37705,0,206.09331098590496,197.3114299330731,95.73888108700798,3.2323023460784617,3.0945700994846272,-0.05608242012598767,0.19832387373296023,0.7318697983572443,0.67578125,12.770759111144667,1,1,1,1,0,0,0,0,0,,
41.11889999999997,2000,,,,0.0390625,0.05859375,-0.986328125,-0.04995678994949223,637.4082374576449,14.943130550472766,13.79610254504981,37706,0,206.00875825510354,197.25960675673127,95.75301964223382,3.231316577872545,3.0940831975130556,-0.05599899134243435,0.19829936963566347,0.7314761037403308,0.67578125,12.839265717555358,0,1,1,1,0,0,0,0,0,,
41.220929999999996,2000,,,,-0.0390625,0.048828125,-0.98828125,-0.0498622618652417,637.330720492138,14.942475435765473,13.798717572995075,37699,0,206.00804291523303,196.8451648032118,95.55217457417838,3.237726063168909,3.093717660112829,-0.05591724578719781,0.19777134862135382,0.7313917906218517,0.671875,12.873284863935428,0,1,1,1,0,0,0,0,0,,
41.33768000000005,2000,,,,0.01171875,0.0625,-0.9921875,-0.0498622618652417,637.1485119939651,14.940698594837379,13.792017647192854,37704,0,205.8846530273902,196.873440978357,95.62317447341042,3.2363355302151153,3.094686770602572,-0.05591724578719781,0.19777134862135382,0.731193607339084,0.673828125,12.902439698028326,1,1,1,1,0,0,0,0,0,,
41.440274999999964,2000,,,,-0.11328125,-0.01953125,-0.94921875,-0.049716921703979615,637.0435790210829,14.939339388599091,13.782560442694361,37703,0,205.71880409511635,196.2971216602264,95.42011607721881,3.245302700483561,3.096671603858531,-0.05525096416275275,0.19742290850315095,0.731079474566766,0.673828125,12.93372353111825,0,1,1,1,0,0,0,0,0,,
41.54908000000002,2000,,,,-0.041015625,0.02734375,-0.990234375,-0.04975205630676308,637.0435790210829,14.93805355358541,13.78590228214441,37698,0,205.77376624168664,196.40529240785938,95.44719717924404,3.243515341216899,3.0958444832703242,-0.055118418832094264,0.19775883190857482,0.731079474566766,0.669921875,12.96074956136907,1,1,1,1,0,0,0,0,0,,
41.651890000000016,2000,,,,-0.107421875,0.025390625,-0.94921875,-0.04974177641701167,636.9902045508143,14.9365184600372,13.77396264338493,37692,0,205.55222958550408,196.33777909193668,95.51722182135978,3.244358816203878,3.0989214071543008,-0.0550439896820785,0.1977575916546819,0.7310214205910189,0.673828125,12.987702291919948,0,1,1,1,0,0,0,0,0,,
41.76283499999996,2000,,,,0.033203125,0.1171875,-1,-0.04974177641701167,637.3236464997708,14.935542408739371,13.775367008914127,37689,0,205.55721109850515,196.3189320763105,95.5057382940618,3.24636875190437,3.1004684442539876,-0.0550439896820785,0.1977575916546819,0.7313840964306166,0.67578125,13.013302602042623,0,1,1,1,0,0,0,0,0,,
41.86454000000004,2000,,,,-0.03515625,0.033203125,-0.9609375,-0.04995689908478909,637.3236464997708,14.934178963482005,13.771626869386807,37689,0,205.49599027191533,197.16716124669557,95.94696275377494,3.232402609389661,3.1013921276831473,-0.055966340650941006,0.19832804906127371,0.7313840964306166,0.677734375,13.038476645531306,0,1,1,1,0,0,0,0,0,,
41.971715000000025,2000,,,,0.017578125,0.0390625,-0.99609375,-0.04979739699534716,637.5801812449822,14.93207965082803,13.777919845883012,37685,0,205.592730631679,196.5190892659176,95.58659426435806,3.2443676775961836,3.1011805684278406,-0.055470268887948086,0.19774409630592626,0.7316631223732031,0.677734375,13.061790575604926,0,1,1,1,0,0,0,0,0,,
42.07879000000004,2000,,,,-0.01953125,0.09765625,-0.98046875,-0.04979739699534716,637.6371690943546,14.93105115915553,13.777255612207425,37674,0,205.59091498497224,196.46354723088436,95.56042262142029,3.245574958213506,3.1014851465638107,-0.055470268887948086,0.19774409630592626,0.7317251065242156,0.673828125,13.085878839106613,0,1,1,1,0,0,0,0,0,,
42.21053499999997,2000,,,,0.05078125,0.126953125,-1.001953125,-0.04978899457762216,637.8568688734752,14.929730399448365,13.777827985514504,37667,0,205.5650041266574,196.3908358590658,95.53709625499337,3.247895280262541,3.1029448401658106,-0.05534483200160174,0.19779846011493254,0.7319640680649014,0.673828125,13.109202341608345,1,1,1,1,0,0,0,0,0,,
42.34656999999995,2000,,,,-0.029296875,0.005859375,-0.990234375,-0.049489292155238396,637.8568688734752,14.928030065923728,13.773530519013494,37675,0,205.4511472179468,195.25300495569812,95.03622033736794,3.2668222904851145,3.1046644300156836,-0.0538815849985687,0.19715652058731906,0.7319640680649014,0.673828125,13.135344847449428,0,1,1,1,0,0,0,0,0,,
42.456549999999986,2000,,,,-0.072265625,0.10546875,-0.97265625,-0.04953592642784029,638.0322189891139,14.926072650985184,13.753251094420339,37676,0,205.1177367404802,195.4423060412981,95.28298680897417,3.264555315133735,3.1105658102905416,-0.054663252847263095,0.1967815202159688,0.7321547916694504,0.669921875,13.160598318636493,0,1,1,1,0,0,0,0,0,,
42.55923499999999,2000,,,,-0.080078125,0.0703125,-0.96875,-0.04965470556437637,637.1200166954956,14.925733304687967,13.751598942600301,37673,0,205.09860824669875,195.8929979292069,95.51161736484381,3.2523879027352582,3.1064082888809685,-0.05517537445293845,0.1970940536875604,0.7311626137693505,0.671875,13.18044379134818,0,1,1,1,0,0,0,0,0,,
42.673825000000015,2000,,,,-0.056640625,0.0546875,-0.9765625,-0.04965470556437637,636.6471716987905,14.92419999485394,13.749611059546119,37674,0,205.05470868175925,195.89649908966533,95.5337725961186,3.249916025336348,3.1047673852096422,-0.05517537445293845,0.1970940536875604,0.730648312984113,0.673828125,13.199623081329205,1,1,1,1,0,0,0,0,0,,
42.77814499999996,2000,,,,-0.083984375,0.029296875,-0.953125,-0.04975146196620249,636.4521192529606,14.923154306676523,13.74012360386766,37672,0,204.8986190738562,196.26892756982505,95.78831153521803,3.2427553720979856,3.1061806181502374,-0.05555851947196423,0.19737780723430023,0.7304361596849306,0.6796875,13.217715338848935,0,1,1,1,0,0,0,0,0,,
42.88713999999995,2000,,,,-0.087890625,0.02734375,-0.958984375,-0.04948097482686398,636.4521192529606,14.92277446108338,13.73950229128722,37670,0,204.887918739378,195.193124668006,95.26824513079075,3.2606277517995035,3.1063428393869423,-0.05484907161850723,0.1962745441246634,0.7304361596849306,0.6796875,13.234302726675384,1,1,1,1,0,0,0,0,0,,
42.98879999999999,2000,,,,-0.009765625,0.109375,-0.9765625,-0.049384795270239,637.097109822928,14.921098721696644,13.747670271968127,37660,0,204.95841029030098,194.76168585506056,95.02497876481483,3.27116243128563,3.1084214056917707,-0.05445719434041348,0.19600192586403958,0.731137698580164,0.6875,13.2517331039079,0,1,1,1,0,0,0,0,0,,
43.09957500000001,2000,,,,-0.048828125,0.05859375,-0.98828125,-0.049384795270239,637.2668598140235,14.919300087386134,13.752952285663604,37656,0,205.03418546401497,194.73791839321356,94.97826811294917,3.272433355928445,3.1081005266112984,-0.05445719434041348,0.19600192586403958,0.7313223310798688,0.69140625,13.267850016155789,0,1,1,1,0,0,0,0,0,,
43.20840999999997,2000,,,,0,0,-0.98046875,-0.049149165655500926,637.2668598140235,14.918518306448334,13.761221725097666,37640,0,205.13847430327542,193.72970552588254,94.43850364192227,3.2894638335620856,3.1065204222582463,-0.052943316448992535,0.19580878774387117,0.7313223310798688,0.697265625,13.28507609686776,1,1,1,1,0,0,0,0,0,,
43.35158000000002,2000,,,,-0.021484375,0.06640625,-1.00390625,-0.04941232449512416,637.4040884160995,14.916794246492511,13.752671966050148,36952,0,204.96773710335322,191.20534691005773,93.2855822151386,3.3336101668533984,3.1097776529322467,-0.05462954589816368,0.19602836427953482,0.7314715909394348,0.703125,13.300695058822733,0,1,1,1,0,0,0,0,0,,
43.55255499999999,2000,,,,-0.046875,0.09765625,-0.9921875,-0.04954352193126828,636.9627868471545,14.915382253066696,13.754102085371313,37508,0,204.9499702637412,194.60033626401489,94.95016564949591,3.273184410036091,3.107894019342744,-0.05532609681848906,0.1962613734664047,0.730991599092177,0.697265625,13.33212788199135,0,1,1,1,0,0,0,0,0,,
43.65810500000004,2000,,,,-0.0234375,0.0703125,-0.994140625,-0.04971261014793167,636.6925758733001,14.914320753022096,13.752811602718367,37606,0,204.95440490232494,195.77154806969898,95.51956112531359,3.252222205683451,3.106508377688826,-0.05644376367698117,0.1963731339503015,0.7306976978835327,0.697265625,13.347192072484106,0,1,1,1,0,0,0,0,0,,
43.776070000000004,2000,,,,-0.048828125,0.0703125,-0.970703125,-0.04963193939624164,636.5655498083913,14.912558556610179,13.758505944106638,37619,0,204.9840450114153,195.52515875477275,95.38555000409139,3.2556707989009768,3.1054394978542925,-0.056046411961168205,0.19620333532771883,0.7305595350492349,0.697265625,13.361012323568458,1,1,1,1,0,0,0,0,0,,
43.87917999999999,2000,,,,-0.029296875,0.142578125,-0.99609375,-0.04963193939624164,636.9702895897531,14.911889748237872,13.74420365112328,37629,0,204.7632803898305,195.57235730361705,95.51143981053846,3.256954604279204,3.1107642365226926,-0.056046411961168205,0.19620333532771883,0.7309997596235073,0.6953125,13.37405214479556,0,1,1,1,0,0,0,0,0,,
43.98663500000001,2000,,,,-0.04296875,0.029296875,-0.998046875,-0.049703013063723406,637.3204562999332,14.910356113181308,13.74188105505127,37625,0,204.68523742884332,195.8336667801176,95.67552073617284,3.254396788758073,3.113661074465573,-0.05698548987037857,0.19584803168382248,0.7313806265360571,0.693359375,13.38547278445903,1,1,1,1,0,0,0,0,0,,
44.09113999999995,2000,,,,-0.044921875,0.0546875,-0.9609375,-0.04966311294005282,637.3204562999332,14.9093693292912,13.734712000731314,37619,0,204.59032257709583,195.64591602038186,95.62813800572437,3.25751985660431,3.115105584037444,-0.05614616750228679,0.19631506290481598,0.7313806265360571,0.6875,13.396979011032704,0,1,1,1,0,0,0,0,0,,
44.200645000000016,2000,,,,-0.017578125,0.08984375,-0.98828125,-0.04953659700399882,637.8354655232649,14.908069473148075,13.73198338446091,37618,0,204.5896982546247,195.14147295569694,95.38186654580777,3.268579743005594,3.1176323684169023,-0.05506950398487285,0.19643751543905102,0.7319407882165441,0.685546875,13.407651082443735,0,1,1,1,0,0,0,0,0,,
44.30285499999998,1996,,,,-0.001953125,0.083984375,-0.984375,-0.04953659700399882,637.9551909548219,14.906301577839534,13.729398429808635,37615,0,204.51440425415393,195.12800497319284,95.4103969765883,3.269418918327309,3.1193655688037643,-0.05506950398487285,0.19643751543905102,0.7320710103483034,0.673828125,13.418387098055234,0,1,1,1,0,0,0,0,0,,
44.410774999999965,1993,,,,-0.013671875,0.08984375,-0.98828125,-0.049166487993679175,637.9551909548219,14.905853511439222,13.727388087959678,37614,0,204.48412485684526,193.66104705755478,94.70713053794887,3.294184352753323,3.1198274751227753,-0.054228849620464634,0.19481640111191018,0.7320710103483034,0.666015625,13.428040255709613,0,1,1,1,0,0,0,0,0,,
44.51491500000004,1989,,,,-0.056640625,0.078125,-0.962890625,-0.04923145624982715,638.0433662990598,14.905465247882374,13.724073763304311,37603,0,204.37706909879952,193.86191534890355,94.8550227301612,3.2912259488963542,3.1218931219266004,-0.05409592311737778,0.19534141382770923,0.7321669162986595,0.66015625,13.437899846663553,0,1,1,1,0,0,0,0,0,,
44.631744999999995,1986,,,,-0.037109375,0.037109375,-0.966796875,-0.04923145624982715,637.4519619781643,14.904178217245203,13.726394859175128,37606,0,204.4462718758742,193.87538786637646,94.82950512498675,3.2879468043541005,3.1179436833418097,-0.05409592311737778,0.19534141382770923,0.7315236617252813,0.66015625,13.44718605099942,0,1,1,1,0,0,0,0,0,,
44.76960000000003,1982,,,,-0.033203125,0.068359375,-1.00390625,-0.04920259682291657,636.8296356779737,14.903319684180381,13.72334998530788,37616,0,204.40213265124834,193.81592319857327,94.82089090002927,3.2857446651868365,3.1155723642303417,-0.05399596911806179,0.19524449818170408,0.7308467741467041,0.666015625,13.457327325587906,0,1,1,1,0,0,0,0,0,,
44.90203499999998,1977,,,,-0.00390625,0.115234375,-1.015625,-0.04930366382679541,636.5035544467249,14.90226347565633,13.728582870423699,37602,0,204.45513389073474,194.14276475959616,94.9561701215829,3.2785334814557574,3.1131698301441832,-0.05488284983422568,0.1951237120496506,0.7304921043617828,0.673828125,13.468905169739068,0,1,1,1,0,0,0,0,0,,
45.003820000000005,1973,,,,-0.064453125,0.111328125,-0.96484375,-0.04941219206366516,636.5035544467249,14.900600508343732,13.73151249280738,37602,0,204.48455639537633,194.57146748642123,95.15215765742823,3.27130983113516,3.112721887984677,-0.055262011218169156,0.19548536284552648,0.7304921043617828,0.671875,13.479346348977884,0,1,1,1,0,0,0,0,0,,
45.115600000000036,1970,,,,-0.001953125,0.09765625,-1.00390625,-0.0493568612492128,637.5310076206234,14.899950475831863,13.72761231038763,37594,0,204.41659453706046,194.30739797604755,95.05461061813153,3.281043409881967,3.118783037475169,-0.055417901996035204,0.1950016423565615,0.731609637544566,0.67578125,13.487256804536898,0,1,1,1,0,0,0,0,0,,
45.219190000000005,1966,,,,-0.001953125,0.08203125,-0.9765625,-0.0493568612492128,637.8313192680715,14.89855224869874,13.731169494906247,37590,0,204.4792035813848,194.28872589497587,95.01637452223692,3.2829044316902656,3.1192967700219363,-0.055417901996035204,0.1950016423565615,0.7319362784462883,0.673828125,13.495788221750779,0,1,1,1,0,0,0,0,0,,
45.32860999999998,1962,,,,-0.01171875,0.0625,-0.99609375,-0.04964826553905208,638.5343202759241,14.897671837553432,13.731517147346297,37591,0,204.38738042563688,195.44058023210886,95.62262592979258,3.267153216172347,3.1241376984536706,-0.056004004873968914,0.1963429858994625,0.7327009137345557,0.669921875,13.503342205761863,0,1,1,1,0,0,0,0,0,,
45.43421000000002,1959,,,,-0.021484375,0.064453125,-0.978515625,-0.04958235067171284,638.5343202759241,14.896555769939031,13.71894451528906,37608,0,204.17531067005353,195.2680048335208,95.63742266031034,3.2700406849566463,3.127382631036095,-0.05613070586030118,0.19581732046805173,0.7327009137345557,0.6640625,13.510268848073265,0,1,1,1,0,0,0,0,0,,
45.54876500000002,1955,,,,-0.03125,0.087890625,-0.99609375,-0.04958558946931427,639.0901325444969,14.896140915356927,13.705107063134584,37598,0,203.96236817940655,195.22880713089768,95.71805273371469,3.273544216842945,3.133372779739198,-0.05668711523006801,0.1953608462429865,0.7333054557899092,0.654296875,13.515979324628177,0,1,1,1,0,0,0,0,0,,
45.68245500000002,1951,,,,0.01171875,0.0703125,-1.009765625,-0.04958558946931427,637.6229927105148,14.894529397868837,13.693796874751293,37610,0,203.75854671942733,195.29210548995636,95.84486571690701,3.264970650558668,3.1293067357243802,-0.05668711523006801,0.1953608462429865,0.7317096872528023,0.66015625,13.52199516674877,0,1,1,1,0,0,0,0,0,,
45.83209500000003,1947,,,,-0.005859375,0.12890625,-0.974609375,-0.04977862878038131,636.8274453597111,14.892992665437365,13.678928874859546,37596,0,203.5665810771024,195.98124191486724,96.2737797520104,3.2494306043654118,3.128349663241177,-0.05715613424092501,0.19618018488912928,0.7308443917964408,0.662109375,13.528061941638157,0,1,1,1,0,0,0,0,0,,
46.021409999999975,1939,,,,-0.029296875,0.0703125,-0.9921875,-0.04945334104387457,635.9607542789324,14.890869904061246,13.67453091511639,37590,0,203.43002900715152,194.6681513242956,95.69292806690407,3.2668967674095395,3.1261891736572256,-0.0559593085062485,0.19514798044818937,0.7299017152184734,0.662109375,13.537876745883823,0,1,1,1,0,0,0,0,0,,
46.131125,1936,,,,0.00390625,0.095703125,-0.958984375,-0.04945334104387457,635.7268462854174,14.890164501304168,13.667481740009922,36801,0,203.338281367514,190.58044772045469,93.72580826332411,3.3357401238657385,3.126449392657172,-0.0559593085062485,0.19514798044818937,0.729647299785136,0.658203125,13.54229771103,0,1,1,1,0,0,0,0,0,,
46.24856,1932,,,,-0.02734375,0.05078125,-0.98046875,-0.049085996694234524,635.3800748172808,14.902873156724702,13.339870546798014,37068,0,198.9752684091634,190.53936282924226,95.76032456326486,3.3346394434345643,3.193261554047587,-0.05545957065163342,0.19325211728492542,0.7292701257860382,0.654296875,13.523759463399868,0,1,1,1,0,0,0,0,0,,
46.35257500000001,1928,,,,0.037109375,0.115234375,-0.9921875,-0.04841614662914397,629.8357024367936,14.909913765788607,13.172555735327093,37083,0,196.44481258126575,188.0151310545605,95.7088805675548,3.349920290479282,3.2061712099231006,-0.05292238262728381,0.19118879757333337,0.7232396610696836,0.650390625,13.50524579456781,0,1,1,1,0,0,0,0,0,,
46.46791499999998,1925,,,,-0.025390625,0.0859375,-0.984375,-0.04791285976595389,629.8357024367936,14.917046469582086,12.924213850352713,37035,0,192.83947173876794,185.8197610774042,96.3598164846287,3.389497967196461,3.2661140209407296,-0.05129729067847758,0.1893974820563814,0.7232396610696836,0.650390625,13.477782716774584,0,1,1,1,0,0,0,0,0,,
46.57244,1921,,,,-0.041015625,0.16796875,-0.97265625,-0.04791285976595389,620.130408760864,14.920313048943132,12.976313055118045,36150,0,193.71019707084145,181.3817884184758,93.63564291462826,3.41892322359358,3.2013307411693823,-0.05129729067847758,0.1893974820563814,0.7126834741727625,0.64453125,13.46154007220603,0,1,1,1,0,0,0,0,0,,
46.683050000000044,1917,,,,-0.02734375,0.005859375,-0.984375,-0.047488435278826166,615.3676424712361,14.92561025660329,12.823936650735144,36409,0,191.2113825629368,181.05877572802618,94.69037528057781,3.398717571114025,3.2182584228148094,-0.04997296674351082,0.18784731698892115,0.7075031413792932,0.64453125,13.43533256414166,0,1,1,1,0,0,0,0,0,,
46.78718000000005,1914,,,,-0.02734375,0.125,-0.998046875,-0.046892790918257134,615.3676424712361,14.933293006841781,12.619127711482657,36483,0,188.11636874189452,179.15317583281757,95.23529346806873,3.4348687351514537,3.271207320164428,-0.04752804964902894,0.18617441257645295,0.7075031413792932,0.64453125,13.400188921210296,0,1,1,1,0,0,0,0,0,,
46.89552500000002,1910,,,,-0.048828125,0.05078125,-0.98828125,-0.046454121996645496,608.0343209670018,14.937490476275663,12.549959730762426,36456,0,186.9031545155668,177.34493961073366,94.88600664359731,3.4285405735377465,3.253205236385456,-0.04633008414340825,0.1844258032758362,0.6995268848167637,0.640625,13.370650974676018,0,1,1,1,0,0,0,0,0,,
47.00307000000001,1907,,,,-0.0234375,0.09765625,-1.009765625,-0.046454121996645496,604.6094347967305,14.940610303736563,12.51370019959738,36390,0,186.11850210312116,177.02534127723754,95.11431656545064,3.4153835289031185,3.248518701605171,-0.04633008414340825,0.1844258032758362,0.6958017282453834,0.634765625,13.340822271997544,1,1,1,1,0,0,0,0,0,,
47.147875,1903,,,,-0.013671875,0.0703125,-0.96484375,-0.04604574457275078,599.7977974889473,14.944348412979345,12.40855040962824,36299,0,185.00918847651428,175.02950485546717,94.60584433496179,3.4268382235568677,3.2419892353891804,-0.04489750188327918,0.18306997216092433,0.6905682397599056,0.630859375,13.305395011872493,0,1,1,1,0,0,0,0,0,,
47.27156,1898,,,,-0.03125,0.037109375,-0.98046875,-0.04567790304740407,594.5400961800468,14.948956232840622,12.322819129397104,36218,0,183.50886759779118,173.24485504642578,94.40680295959227,3.4317907797072715,3.2398439593836987,-0.04425644695035905,0.18129210346555724,0.684849579457787,0.6328125,13.25894174858546,0,1,1,1,0,0,0,0,0,,
47.38379000000004,1894,,,,0,0.056640625,-0.984375,-0.04546442662354129,594.5400961800468,14.953549954245108,12.211252904963375,36049,0,182.27383155743217,171.63099798907174,94.16107431471478,3.464060124022019,3.2617962276867742,-0.04331284988885609,0.18075027475125433,0.684849579457787,0.6171875,13.215335228394812,0,1,1,1,0,0,0,0,0,,
47.49364500000002,1890,,,,-0.046875,0.03515625,-0.958984375,-0.045224960665926836,589.1452877742263,14.95836129544307,12.051254030626307,35933,0,180.21268816230645,170.17776823708562,94.43162408399179,3.461940380799036,3.26916652640806,-0.042890180526338056,0.17959745491302226,0.6789817914539924,0.5859375,13.169745605442637,0,1,1,1,0,0,0,0,0,,
47.60292000000004,1887,,,,-0.01171875,0.0390625,-0.98828125,-0.045224960665926836,587.8463688940184,14.962923717214705,11.964787518833106,35835,0,178.67961510323568,169.7135401603943,94.98203813699674,3.463756447119373,3.2899464695756064,-0.042890180526338056,0.17959745491302226,0.6775689923238207,0.56640625,13.1259713440551,0,1,1,1,0,0,0,0,0,,
47.70527500000002,1883,,,,-0.052734375,0.08984375,-0.96875,-0.04504691838423041,584.143171676276,14.968407687785028,11.886643713655992,35728,0,177.19198345797227,168.53870639546614,95.1164398672931,3.465928890575548,3.29666816904743,-0.04258097253065331,0.17873601140146678,0.6735411243115832,0.56640625,13.081080630959214,0,1,1,1,0,0,0,0,0,,
47.815544999999986,1880,,,,-0.017578125,0.091796875,-1.001953125,-0.04467299104590835,584.143171676276,14.975201357164728,11.737530159140789,35669,0,174.94011889695406,166.86315988395953,95.3830150202698,3.500731809720627,3.339103547885188,-0.04034493543771853,0.1782868913726914,0.6735411243115832,0.55859375,13.032449468990297,0,1,1,1,0,0,0,0,0,,
47.91782499999995,1876,,,,-0.021484375,0.05078125,-0.998046875,-0.04467299104590835,577.0797946383583,14.979153479646087,11.617546502643659,35551,0,173.17632959278964,166.31428270795004,96.03753763520963,3.4698150107271166,3.332324896799208,-0.04034493543771853,0.1782868913726914,0.6658584790846176,0.5546875,12.980504926449932,1,1,1,1,0,0,0,0,0,,
48.02651000000001,1873,,,,-0.04296875,0.056640625,-0.984375,-0.04385282416364728,572.4682418950125,14.984767443325994,11.475374923433616,35499,0,171.59207429135665,163.0212290032243,95.00510421385816,3.511617753070001,3.3362161058964985,-0.03674332379388318,0.17618493968670806,0.6608426171983872,0.55078125,12.927381188974763,0,1,1,1,0,0,0,0,0,,
48.135984999999984,1869,,,,-0.009765625,0.095703125,-0.970703125,-0.04336966104275307,572.4682418950125,14.995368785381327,11.283070819911444,35277,0,168.85528996136372,160.21397788697138,94.88241554269956,3.573147920332398,3.3902890577251132,-0.03561763928724318,0.1740928471762036,0.6608426171983872,0.5390625,12.865655392230257,0,1,1,1,0,0,0,0,0,,
48.27509999999997,1865,,,,-0.0234375,0.087890625,-0.982421875,-0.04288023594704045,564.9629178745619,14.999297673810382,11.178460375927234,35115,0,167.32457297026087,157.68055327694083,94.23633987398007,3.582958748770334,3.3764491840357156,-0.03231823305845172,0.17382449731463473,0.6526792781251632,0.533203125,12.804927458115685,0,1,1,1,0,0,0,0,0,,
48.40854999999999,1861,,,,0,0.07421875,-0.99609375,-0.04235509092580063,555.5055310558305,15.004247088819177,11.057097056761222,35022,0,165.74847195411675,155.33609105745288,93.71796266119046,3.576152375627698,3.351497148098041,-0.030317544504109232,0.1722168514121434,0.6423927328490929,0.521484375,12.724419858794088,0,1,1,1,0,0,0,0,0,,
48.602299999999985,1853,,,,-0.041015625,0.064453125,-0.974609375,-0.04205733977965758,547.507912140988,15.010405794892485,10.956225509406051,34894,0,164.07477097257652,153.68324984646134,93.66659416038313,3.562573752754323,3.336941498656722,-0.029274237930638394,0.1712272755438192,0.6336939378600434,0.533203125,12.608420921890495,0,1,1,1,0,0,0,0,0,,
48.70769999999995,1850,,,,-0.0078125,0.091796875,-0.98828125,-0.04177974438269256,547.507912140988,15.011404719787013,10.891228360304627,34799,0,163.51919044220668,152.25174714823325,93.10940614156493,3.5960698146073216,3.348279248816952,-0.027393466517333445,0.1710831222264246,0.6336939378600434,0.5390625,12.544633351704078,0,1,1,1,0,0,0,0,0,,
48.81726000000001,1846,,,,0.00390625,0.03125,-0.9921875,-0.04177974438269256,540.0662060140878,15.020159668834182,10.7096645655423,34316,0,160.92601006326032,150.13916508410728,93.29701583049706,3.597104098131525,3.355990779873227,-0.027393466517333445,0.1710831222264246,0.6255997942585623,0.541015625,12.47878603380935,0,1,1,1,0,0,0,0,0,,
48.920474999999975,1843,,,,-0.05859375,-0.009765625,-0.984375,-0.04104833846480216,538.1349266762257,15.026760614738516,10.578044895300609,33804,0,158.88708298691643,145.3076398072454,91.45340016042134,3.703417985386567,3.3869016697885916,-0.02605823143936389,0.16759998710533616,0.6234991936666197,0.544921875,12.410203424440077,0,1,1,1,0,0,0,0,0,,
49.029400000000024,1839,,,,-0.013671875,0.248046875,-0.939453125,-0.04070386602424968,538.1349266762257,15.031729879596408,10.48105309691977,33941,0,157.34126051733068,144.6742857416554,91.94936233888883,3.7196307824679518,3.4201767858403027,-0.024983170328377928,0.16634201842547794,0.6234991936666197,0.546875,12.345249538499123,0,1,1,1,0,0,0,0,0,,
49.13529999999999,1835,,,,-0.11328125,-0.091796875,-0.9921875,-0.040519319910500104,528.7999351387499,15.03633104407977,10.37096835856537,34062,0,155.60789269313074,144.53141725968146,92.88180358865675,3.658719641478698,3.398284791257851,-0.024386474707723815,0.16568586493809875,0.6133457744460173,0.541015625,12.274914679825907,0,1,1,1,0,0,0,0,0,,
49.24373499999999,1832,,,,-0.05078125,0.115234375,-0.998046875,-0.040519319910500104,525.2022868510796,15.043323298903223,10.293468030372043,34026,0,154.5727830463212,144.3785014254127,93.40486635486562,3.6376765353975093,3.3977669063103493,-0.024386474707723815,0.16568586493809875,0.6094327091661664,0.546875,12.207716283765649,0,1,1,1,0,0,0,0,0,,
49.34666500000004,1828,,,,-0.021484375,0.080078125,-0.98828125,-0.039925581144062194,517.7016678977734,15.048858664459825,10.150691603001361,33905,0,152.77192496499168,141.7568351863329,92.78984683790367,3.6520402505972864,3.3887225549878153,-0.022957305859998882,0.1631542952657632,0.6012744876679277,0.546875,12.133211018202527,0,1,1,1,0,0,0,0,0,,
49.45473500000004,1825,,,,-0.0078125,0.07421875,-0.982421875,-0.03969108657246345,517.7016678977734,15.052721073847458,10.057240355014331,33869,0,151.32513712819855,140.7743369488066,93.027727990457,3.6775287251826208,3.4211214192338093,-0.022081101812522364,0.16242171037328476,0.6012744876679277,0.546875,12.064388629061744,0,1,1,1,0,0,0,0,0,,
49.55878999999998,1821,,,,-0.00390625,0.05859375,-0.9921875,-0.03969108657246345,510.68727388245907,15.058861067530415,9.905435418307722,33689,0,149.16940747294274,140.02664563598645,93.87088680457845,3.6470721094758116,3.4235389315673905,-0.022081101812522364,0.16242171037328476,0.5936451199571962,0.529296875,11.986236520311252,0,1,1,1,0,0,0,0,0,,
49.687684999999995,1818,,,,-0.009765625,0.078125,-0.990234375,-0.0386924990552287,506.3882630932893,15.063300621908994,9.823870386306268,33598,0,147.65247005979478,136.1366884037015,92.2007524483473,3.719704578031449,3.4295956098006175,-0.017758535035094232,0.15980888019140727,0.5889692015483686,0.513671875,11.91107482351726,0,1,1,1,0,0,0,0,0,,
49.821475000000035,1813,,,,-0.013671875,0.0546875,-0.990234375,-0.03837342088406715,502.4963083816182,15.069546802018039,9.685472045043484,33432,0,145.6914048770104,134.34466937759217,92.21180171267007,3.7403516694011185,3.449045664744704,-0.016744981904430578,0.15865885931443638,0.5847360270868222,0.48828125,11.81815104719197,0,1,1,1,0,0,0,0,0,,
49.94846999999997,1809,,,,-0.021484375,0.072265625,-0.9765625,-0.03787781315183424,495.92365122253676,15.075312015230516,9.589776317734389,33272,0,144.54041395677194,131.9737115213035,91.3057517330573,3.757745732130021,3.4310379889381935,-0.016246568478098144,0.155950316748781,0.5775871246736238,0.458984375,11.717628459309276,0,1,1,1,0,0,0,0,0,,
50.05033500000002,1805,,,,-0.048828125,0.037109375,-1.00390625,-0.0377769294581501,495.92365122253676,15.081299035515364,9.47892697394811,33096,0,142.86988267005242,130.92743218801854,91.64103010456438,3.7877749753036083,3.4711560054111357,-0.01603059414238045,0.15549714665471912,0.5775871246736238,0.431640625,11.636351234700857,0,1,1,1,0,0,0,0,0,,
50.162304999999996,1801,,,,0.001953125,0.099609375,-0.98046875,-0.0377769294581501,490.6125934646337,15.085837463047227,9.297619109865408,32969,0,140.0756168709016,130.42380900859817,93.10957318774554,3.7616796901882394,3.5024839042243783,-0.01603059414238045,0.15549714665471912,0.5718104299970046,0.408203125,11.553383971160502,0,1,1,1,0,0,0,0,0,,
50.26544500000001,1798,,,,-0.0078125,0.091796875,-0.984375,-0.037155688486585764,485.65508973349114,15.09054597440823,9.240708066844377,32832,0,139.26785909833296,127.7476991101931,91.72805551638025,3.80167387057651,3.4872015185541434,-0.014322956061414057,0.15303027598706404,0.5664182865260743,0.38671875,11.472431960400849,0,1,1,1,0,0,0,0,0,,
50.37709499999997,1794,,,,-0.03125,0.056640625,-0.98828125,-0.036826112818040116,485.65508973349114,15.09532873556687,9.169452203443198,32745,0,138.18623050283463,126.27751259724955,91.38212406384383,3.8459348758511194,3.5144969796649086,-0.013454360876990507,0.1516895744556407,0.5664182865260743,0.3671875,11.395769664922303,0,1,1,1,0,0,0,0,0,,
50.48209000000003,1791,,,,-0.03125,0.0625,-0.98046875,-0.036331646727755,480.8301886088723,15.100053979650413,9.041828698816042,32557,0,136.31486201487044,123.86905912934056,90.8698122115458,3.881761853917071,3.5273497071538613,-0.011359706919505552,0.15035658858795917,0.561170371343769,0.353515625,11.31057285572819,0,1,1,1,0,0,0,0,0,,
50.59303499999997,1787,,,,-0.052734375,0.087890625,-0.986328125,-0.036331646727755,476.6894081996745,15.105055804546339,8.935170972024792,32446,0,134.82337841196622,123.44644796345843,91.56160409083917,3.8615076906933776,3.5356583836899764,-0.011359706919505552,0.15035658858795917,0.5566665558634596,0.341796875,11.228812323143117,0,1,1,1,0,0,0,0,0,,
50.696369999999995,1783,,,,-0.0234375,0.0703125,-0.98046875,-0.03594688395733116,471.6365680935141,15.108349576835224,8.903553935619337,32355,0,134.40722453769763,121.79430318412943,90.61589033108068,3.8724025324935827,3.5090120320223757,-0.00983430366908937,0.1492297396152846,0.5511707175815973,0.33203125,11.148054682235873,0,1,1,1,0,0,0,0,0,,
50.81576000000001,1780,,,,-0.0234375,0.037109375,-1.009765625,-0.03570136298381754,471.6365680935141,15.115246015232714,8.756229338095345,32255,0,132.09596505289912,120.59038301601139,91.2899822244531,3.9110628583947076,3.5704085882157157,-0.009177269179121657,0.148239511735403,0.5511707175815973,0.318359375,11.064293337689367,0,1,1,1,0,0,0,0,0,,
50.94286999999999,1776,,,,0.041015625,0.078125,-0.94921875,-0.03511962111831565,466.47011470460217,15.121735989457513,8.648748077209131,31978,0,130.7440795016318,117.60545178384017,89.95088131877692,3.9663987309191944,3.5678106150785984,-0.007181476267606527,0.14626957139036859,0.5455513051878387,0.30859375,10.97242305992371,0,1,1,1,0,0,0,0,0,,
51.07676000000001,1772,,,,0.001953125,0.0703125,-1.005859375,-0.03511962111831565,461.884038548365,15.127103393177475,8.476518596077039,31800,0,128.28219665493634,116.95059003667946,91.16665685984661,3.9493946837164593,3.60053109934481,-0.007181476267606527,0.14626957139036859,0.5405631535001859,0.306640625,10.870144962237115,0,1,1,1,0,0,0,0,0,,
51.27917999999999,1764,,,,-0.02734375,0.08203125,-0.9765625,-0.03446839129711173,454.4701398329611,15.13126756870406,8.43099152517982,31677,0,127.63063147987084,114.33988208181704,89.58655203382745,3.974729827933183,3.5608234055054213,-0.004489689510962661,0.14445659062042995,0.5324992552722787,0.3125,10.703053697333118,0,1,1,1,0,0,0,0,0,,
51.385625,1760,,,,0.009765625,0.1015625,-0.982421875,-0.034051491985113654,449.8178128885167,15.13527930960034,8.356850999264159,31571,0,126.57899884413573,112.57831741527555,88.9391750948354,3.9955990035740374,3.553652793876212,-0.003336862825603305,0.1428070273011429,0.5274390443841797,0.3125,10.61904613905319,0,1,1,1,0,0,0,0,0,,
51.494515000000014,1757,,,,-0.0546875,0.072265625,-0.982421875,-0.034051491985113654,447.15809638866267,15.140781157860493,8.304485583659158,31484,0,125.59866819320523,112.26921818337104,89.38726803270728,3.9829091502027962,3.5602136775909976,-0.003336862825603305,0.1428070273011429,0.524546142283245,0.3125,10.541957531360591,0,1,1,1,0,0,0,0,0,,
51.59842999999999,1753,,,,-0.0234375,0.109375,-1.001953125,-0.033479999568600496,444.3885955855301,15.150493342850147,8.110832194770667,31254,0,122.74556162968655,109.57586469643917,89.2707347146455,4.055533550354644,3.620404597000538,-0.0022306605244961095,0.14013935984179934,0.521533830748402,0.3125,10.453929061934309,0,1,1,1,0,0,0,0,0,,
51.70775,1750,,,,0.0078125,0.06640625,-0.982421875,-0.03303791729927471,444.3885955855301,15.159618605321509,7.9575225073536435,31084,0,120.57278795978193,107.54090942541511,89.19169179474085,4.1322748520527925,3.685645850154511,-0.0003560379582812983,0.13894919938722897,0.521533830748402,0.310546875,10.366521881699649,0,1,1,1,0,0,0,0,0,,
51.81098499999999,1746,,,,0.025390625,0.15234375,-0.9921875,-0.03276577014629896,432.5165422657483,15.162844539587958,7.966060210237609,30905,0,120.71561448976564,106.04032777121562,87.8430915664235,4.078792958834608,3.5829378336339195,0.0006959428683639864,0.1381290600708488,0.5086209176642107,0.30859375,10.28528150684112,0,1,1,1,0,0,0,0,0,,
51.92120499999996,1743,,,,0.01953125,0.11328125,-0.970703125,-0.03276577014629896,429.15050709035864,15.167027354611342,7.866745770274107,30852,0,119.43821768183903,105.85912644381074,88.63086581365401,4.053977408534054,3.593075277073666,0.0006959428683639864,0.1381290600708488,0.5049597717371018,0.30078125,10.205239523757857,1,1,1,1,0,0,0,0,0,,
52.02581,1739,,,,-0.025390625,0.0390625,-0.966796875,-0.032024081585416884,429.15050709035864,15.17162281729253,7.7980933894773266,30648,0,118.29559919364922,102.77863995517374,86.88289391638796,4.175483420266408,3.627780830526431,0.0032629734570214204,0.13563678778827454,0.5049597717371018,0.287109375,10.121160231511885,0,1,1,1,0,0,0,0,0,,
52.13556,1736,,,,-0.03515625,0.05078125,-0.97265625,-0.03181414581389907,424.9750587700537,15.175040129974782,7.735845522162613,30587,0,117.21259119709873,101.90179968997013,86.93758806049875,4.170437225476035,3.6256775354060493,0.0038057073455221788,0.1347737324381756,0.5004182489023121,0.2734375,10.042132499684135,0,1,1,1,0,0,0,0,0,,
52.248160000000034,1732,,,,-0.021484375,0.076171875,-0.984375,-0.03181414581389907,421.276765331274,15.179878966514437,7.60354430128557,30400,0,115.20129036829857,101.27986897264933,87.91556817537159,4.159531105288456,3.65687540464566,0.0038057073455221788,0.1347737324381756,0.49639571459855997,0.265625,9.954537848267533,0,1,1,1,0,0,0,0,0,,
52.387734999999985,1728,,,,-0.04296875,0.068359375,-0.974609375,-0.031539693718485445,417.9022120670976,15.183424940439258,7.571242104541833,30253,0,114.65170366922952,99.92025000442074,87.15112537070617,4.182357550632714,3.6449716724031127,0.004237624317809412,0.13340747665978278,0.4927253037753811,0.2578125,9.871109528726043,0,1,1,1,0,0,0,0,0,,
52.531674999999986,1723,,,,-0.0078125,0.08203125,-0.98828125,-0.03119651623449332,413.8368882451696,15.190919272575695,7.452188065971832,30121,0,112.95220098620142,98.40181792639629,87.11810577150007,4.205581735844717,3.6638231449400895,0.00514546056251228,0.13201435246675924,0.4883035603955581,0.25390625,9.761598396101444,0,1,1,1,0,0,0,0,0,,
52.64691999999998,1719,,,,-0.01171875,0.08203125,-0.994140625,-0.030978597415373593,409.0253035262716,15.195011486269312,7.356310662575572,29982,0,111.50239071984831,97.26505042267264,87.231358713243,4.205264910148313,3.66830971861361,0.005887896439772889,0.13127197606974436,0.48307012910959635,0.24609375,9.653205656963106,0,1,1,1,0,0,0,0,0,,
52.75160500000004,1715,,,,0.009765625,0.09765625,-0.990234375,-0.030765165038057776,409.0253035262716,15.199215610408583,7.294461697941266,29809,0,110.52188683852823,96.03588424629984,86.89309148929719,4.259088222452962,3.700853425745933,0.006353761414667949,0.13032090334041077,0.48307012910959635,0.244140625,9.566008559600679,0,1,1,1,0,0,0,0,0,,
52.86161499999999,1711,,,,-0.0234375,0.083984375,-0.984375,-0.0304731463791083,404.7858475948457,15.201648671980534,7.255725122140069,29770,0,110.04557251940938,94.99894473044584,86.32691216513079,4.260950989965234,3.6783474185065583,0.007738062942171987,0.1296599064412987,0.4784589869177444,0.2421875,9.491015031131498,0,1,1,1,0,0,0,0,0,,
52.97532500000001,1708,,,,-0.037109375,0.0390625,-0.966796875,-0.0304731463791083,402.37855116611877,15.204768068917268,7.20142816594798,29673,0,109.25570287025691,94.69230014142225,86.6703500629812,4.2493270367830265,3.682906618100754,0.007738062942171987,0.1296599064412987,0.47584063533906346,0.236328125,9.411882564969238,0,1,1,1,0,0,0,0,0,,
53.099880000000006,1704,,,,-0.017578125,0.068359375,-1.005859375,-0.030066178034652637,398.134124704305,15.210392898013424,7.115781811453674,29505,0,108.14198264662366,92.8962787516916,85.90214131291586,4.285791961252864,3.6815870669330226,0.008853548122718739,0.12804116805101162,0.47122408683499645,0.23046875,9.329263192495668,0,1,1,1,0,0,0,0,0,,
53.22917499999999,1700,,,,-0.017578125,0.0546875,-0.974609375,-0.029835702517755712,398.134124704305,15.216813278260172,6.995433269904936,29322,0,106.34173705349784,91.61308275749067,86.1496955907373,4.345821718042251,3.7439121810095486,0.009715949443404577,0.12732218038775714,0.47122408683499645,0.23046875,9.233385515713804,0,1,1,1,0,0,0,0,0,,
53.431829999999955,1695,,,,0.00390625,0.076171875,-0.97265625,-0.029235836637660252,391.21273998006694,15.223417343884776,6.899537515530035,29178,0,104.95029972519201,89.33143069512192,85.11784237780412,4.379340361347529,3.727600025959347,0.01250331783629442,0.12591612267493896,0.46369588282858293,0.2265625,9.0770139854233,1,1,1,1,0,0,0,0,0,,
53.54802499999997,1689,,,,-0.01953125,0.080078125,-0.998046875,-0.02896094980828335,386.87131055127463,15.22877077244561,6.781377080548223,28966,0,103.18716619446704,87.84774002898837,85.13436628682106,4.40388461243981,3.7492192568034577,0.01377190108702668,0.12526432544013968,0.45897382680633314,0.220703125,8.983183963060965,0,1,1,1,0,0,0,0,0,,
53.65972500000004,1685,,,,-0.017578125,0.015625,-0.908203125,-0.0287450767578367,386.87131055127463,15.231986981052483,6.753954416764639,28959,0,102.67407570632744,87.1710219644069,84.90071263337884,4.4380724446392215,3.7679551326843166,0.015381186820707864,0.12527797618849829,0.45897382680633314,0.212890625,8.912962350534887,0,1,1,1,0,0,0,0,0,,
53.764875,1681,,,,-0.05078125,-0.009765625,-0.904296875,-0.02833876856002866,379.23650093158216,15.236463051912775,6.693728025922996,28760,0,101.76530168671759,85.35027177242357,83.86971822200522,4.443295762932912,3.7265796361421306,0.016576957993408078,0.12373223761830132,0.4506696497294693,0.216796875,8.83010770358954,0,1,1,1,0,0,0,0,0,,
53.873289999999976,1678,,,,0.03125,0.044921875,-0.9453125,-0.02833876856002866,376.89574101941673,15.239892930129258,6.62245979278545,28726,0,100.69951688135136,85.24905290224869,84.65686384840645,4.421113527813457,3.742776059824518,0.016576957993408078,0.12373223761830132,0.44812366813028065,0.212890625,8.757899366121794,0,1,1,1,0,0,0,0,0,,
53.975820000000006,1674,,,,-0.02734375,0.0859375,-0.9921875,-0.028130700854238064,374.32927167389937,15.24334558704277,6.551874544747102,28595,0,99.62566040238016,84.23693877377869,84.55345584014435,4.443766322980634,3.7573579955406373,0.01706810465465125,0.12283678010224552,0.4453321884511347,0.2109375,8.681672950912837,0,1,1,1,0,0,0,0,0,,
54.0875,1671,,,,0.03515625,0.064453125,-0.99609375,-0.02797148659769039,374.32927167389937,15.24809559906469,6.505006105219884,28296,0,98.94187255266957,82.88433593026828,83.77073709227263,4.516284862182254,3.783325118236804,0.017378123365252723,0.12209515964708029,0.4453321884511347,0.20703125,8.61065996804773,0,1,1,1,0,0,0,0,0,,
54.190145000000015,1667,,,,-0.029296875,0.0546875,-0.99609375,-0.02797148659769039,369.0771461077508,15.25044298670511,6.45880561717682,28306,0,98.21747836699873,82.91216040370425,84.41691008793288,4.451423582628799,3.757754243380794,0.017378123365252723,0.12209515964708029,0.43961959273444184,0.203125,8.53480170214982,0,1,1,1,0,0,0,0,0,,
54.29923999999999,1663,,,,-0.005859375,0.107421875,-0.97265625,-0.027861303933701932,366.39746269370227,15.254046417980764,6.393182205550068,28283,0,97.32782327488783,82.51883875744791,84.78442852295774,4.440167460071441,3.764570606483899,0.016958016559792448,0.12103789031706493,0.4367049731579696,0.205078125,8.464640018559336,0,1,1,1,0,0,0,0,0,,
54.40089499999996,1660,,,,-0.00390625,0.09765625,-0.994140625,-0.027511268478844837,366.39746269370227,15.257054481826756,6.331335155182421,28184,0,96.35388998979042,81.19763514253803,84.27022007221677,4.512415442278725,3.802622423780975,0.01820500887587633,0.11989210680820873,0.4367049731579696,0.208984375,8.391228685428386,0,1,1,1,0,0,0,0,0,,
54.517309999999995,1656,,,,-0.017578125,0.052734375,-0.99609375,-0.027391454977707525,361.99993053308975,15.25935681561433,6.289951445743597,28122,0,95.84442812143774,80.66698659045569,84.16450300923933,4.4875846468761065,3.7769533151622032,0.01890560383371109,0.11973459233978526,0.4319218957032628,0.216796875,8.32175022568079,0,1,1,1,0,0,0,0,0,,
54.658255000000004,1652,,,,-0.01171875,0.046875,-1,-0.027391454977707525,358.30413467508026,15.26229901856665,6.247515734178613,27981,0,95.21406710207953,80.26184077998931,84.29620036495254,4.464190344914339,3.763142837821857,0.01890560383371109,0.11973459233978526,0.4279020779509392,0.21875,8.24419806962033,0,1,1,1,0,0,0,0,0,,
54.775125,1648,,,,-0.017578125,0.064453125,-0.99609375,-0.027100135307681374,354.63991448938765,15.265955870768785,6.201462259902755,27901,0,94.5005388687002,79.18059395360213,83.78851052226936,4.478874137988885,3.7527819283880186,0.019587152098885056,0.11847560213645812,0.42391660420813276,0.220703125,8.154474672647353,0,1,1,1,0,0,0,0,0,,
54.878130000000006,1644,,,,-0.009765625,0.064453125,-0.955078125,-0.027134547065830465,352.1474315355943,15.268532202149785,6.145638578378804,27812,0,93.63878834386048,79.02870487486062,84.39740226523575,4.455943344803743,3.760700429425016,0.01970432851205121,0.11879377739962312,0.42120559753732095,0.21875,8.083025560969434,0,1,1,1,0,0,0,0,0,,
54.98621000000002,1641,,,,-0.033203125,0.05859375,-1.033203125,-0.027087320742532145,352.1474315355943,15.27287082786843,6.0682925838611235,27765,0,92.50284075989802,78.75741264166179,85.14053405785222,4.471292538999844,3.8068823469933672,0.01976083328754626,0.11854340564652478,0.42120559753732095,0.220703125,8.015831113117622,0,1,1,1,0,0,0,0,0,,
55.09005499999999,1637,,,,-0.0078125,0.068359375,-0.984375,-0.027087320742532145,349.3592435821238,15.276651012037398,5.991614556347974,27608,0,91.35053047540657,78.31243186657508,85.72739693904502,4.461095579017966,3.8243811148549205,0.01976083328754626,0.11854340564652478,0.4181729604916665,0.220703125,7.945177282579164,0,1,1,1,0,0,0,0,0,,
55.20314500000002,1633,,,,-0.017578125,0.08984375,-0.98828125,-0.026508679884774906,345.7494683409344,15.278762652197067,5.970609168335564,27566,0,91.04239381562297,76.52185749726316,84.0507968762701,4.518309926719961,3.797675498747743,0.02117462315798991,0.116094179785234,0.41424670505064054,0.220703125,7.8814974938589035,0,1,1,1,0,0,0,0,0,,
55.33283499999996,1629,,,,-0.072265625,0.0859375,-0.974609375,-0.026124744982182774,343.1712219545751,15.281595431628569,5.9162404165244045,27416,0,90.16813272066922,75.00321201197474,83.1815074227236,4.5754203419952955,3.8059036113976226,0.023152288659246095,0.11536025826014687,0.41144241580092716,0.22265625,7.804802300097592,0,1,1,1,0,0,0,0,0,,
55.68504999999999,1618,,,,-0.017578125,0.080078125,-0.98828125,-0.02566150390792896,338.944424869972,15.288531016894193,5.792552029968482,27217,0,88.38476297181694,73.1397231273778,82.75150678482865,4.634204374545925,3.834873947425197,0.02497690063926881,0.1139933522742612,0.4068450422962909,0.232421875,7.5893187665749275,0,1,1,1,0,0,0,0,0,,
55.78889500000002,1614,,,,-0.01171875,0.080078125,-0.984375,-0.02560138186025208,335.33886933411736,15.290484660866024,5.760625377499518,27137,0,87.92005954539212,72.7528152512852,82.74882390602085,4.609290625742397,3.8141337832123026,0.025150643878379116,0.11376188654787348,0.402923376515264,0.23828125,7.523461269856339,0,1,1,1,0,0,0,0,0,,
55.89636499999999,1610,,,,-0.01171875,0.08984375,-0.994140625,-0.025552653027458225,335.33886933411736,15.294453487519474,5.710643039206737,27114,0,87.1732236415319,72.5537480086886,83.22939657140526,4.621937233262702,3.8468104691536498,0.02543745949189458,0.11369943580139168,0.402923376515264,0.2421875,7.464543532329351,0,1,1,1,0,0,0,0,0,,
55.99810999999998,1607,,,,-0.01953125,0.076171875,-0.99609375,-0.02533157113313671,332.53083943491896,15.297643249655948,5.662857715761089,27010,0,86.45187776932748,71.64868253686322,82.87695349780321,4.641129852790133,3.8464270298695418,0.02603571835599723,0.11281345431055621,0.399869157918912,0.25,7.403111274547387,0,1,1,1,0,0,0,0,0,,
56.10935499999998,1603,,,,-0.01953125,0.048828125,-0.970703125,-0.02533157113313671,330.212318208995,15.300702114802423,5.631730696099044,26966,0,86.02119195916782,71.53354027793078,83.15804355732018,4.616188670741223,3.838732185503065,0.02603571835599723,0.11281345431055621,0.39734736474061455,0.25390625,7.3456364516114485,0,1,1,1,0,0,0,0,0,,
56.21082999999996,1599,,,,-0.01171875,0.068359375,-0.98828125,-0.025045760702715057,326.8362614335688,15.302827476164973,5.574831368032207,26851,0,85.16255813182289,70.42468917383704,82.6944266573426,4.640932963535028,3.8377929057469107,0.026628361839276006,0.11151311081465971,0.39367531858868776,0.2578125,7.2834181351378025,0,1,1,1,0,0,0,0,0,,
56.320820000000005,1596,,,,-0.017578125,0.0546875,-0.974609375,-0.024786010090882705,326.8362614335688,15.305450747716947,5.524414014041998,26794,0,84.4253834009397,69.54697142903629,82.37684997976828,4.69950387080569,3.8713032534470067,0.027764387544699686,0.11084345166973732,0.39367531858868776,0.26171875,7.225503111546951,0,1,1,1,0,0,0,0,0,,
56.422815,1592,,,,-0.064453125,0.140625,-1.0078125,-0.024786010090882705,322.92557808547195,15.308568019060196,5.474795635623599,26661,0,83.67131656128961,69.20121703673226,82.70602146679748,4.666472526257189,3.8594537693084763,0.027764387544699686,0.11084345166973732,0.38942177349302803,0.26171875,7.164745615437528,0,1,1,1,0,0,0,0,0,,
56.53123999999999,1589,,,,-0.001953125,0.083984375,-1.00390625,-0.024312122451597386,320.3832832823488,15.311316350533254,5.434612786175498,26643,0,83.07502585391103,67.83305674647546,81.65276633890088,4.723114343494415,3.8565535188126066,0.029206348463761595,0.10908116596154734,0.3866565878134439,0.255859375,7.109290394659384,0,1,1,1,0,0,0,0,0,,
56.63424499999999,1585,,,,-0.037109375,0.08984375,-1.013671875,-0.023972779337587187,320.3832832823488,15.314920343232295,5.377162277863292,26503,0,82.16321043090852,66.53362903670887,80.9773969246946,4.815358607683679,3.8993520530914605,0.030243563796203674,0.1078232091427595,0.3866565878134439,0.25390625,7.04877502024604,0,1,1,1,0,0,0,0,0,,
56.75012000000005,1582,,,,-0.01953125,0.0546875,-0.978515625,-0.02368554731451062,317.47222360546505,15.317492212014217,5.348165997750705,26396,0,81.74562243277117,65.47209874226562,80.09248299027982,4.848969709298785,3.883660239623951,0.031228509792272735,0.10685016154026504,0.38349030649900107,0.25390625,6.991768052362337,0,1,1,1,0,0,0,0,0,,
56.883935,1578,,,,-0.01171875,0.08203125,-0.994140625,-0.02368554731451062,314.72450717721046,15.319894885727702,5.302446547236647,26259,0,81.09067069731486,65.13126441678551,80.31905995684679,4.832157182812195,3.8811432248720057,0.031228509792272735,0.10685016154026504,0.3805016892427985,0.25,6.926889668955188,0,1,1,1,0,0,0,0,0,,
57.015119999999996,1574,,,,-0.015625,0.017578125,-0.990234375,-0.023580374294313283,312.44215001294117,15.322246962881174,5.258089070130312,26166,0,80.41494590164469,64.61336717835536,80.34994795293875,4.835565203566813,3.885374124296351,0.03131753452895019,0.10626102809763115,0.3780192307416913,0.24609375,6.860973782768346,0,1,1,1,0,0,0,0,0,,
57.12398499999998,1569,,,,-0.03515625,0.080078125,-0.97265625,-0.023282668003765248,310.90998092364697,15.324641565131651,5.228300332313001,26079,0,79.9062591640045,63.584064989901876,79.57332210909543,4.8897468410210045,3.8909340041249623,0.03258039754360468,0.10545994476484989,0.37635273163261346,0.2421875,6.793357362709845,0,1,1,1,0,0,0,0,0,,
57.23967999999999,1566,,,,-0.021484375,0.05859375,-0.9921875,-0.023174307108179106,310.90998092364697,15.327102405239074,5.193304393095227,26033,0,79.43035291162363,63.177705003661835,79.53849213531137,4.92119776914382,3.9142465005735763,0.03287444939377035,0.10502639495618073,0.37635273163261346,0.240234375,6.738329143380915,0,1,1,1,0,0,0,0,0,,
57.342899999999965,1562,,,,-0.017578125,0.0703125,-0.99609375,-0.023098204605319136,307.2536463092479,15.329609604038161,5.163727813062536,25957,0,78.97847428672179,62.786178472497305,79.49783664414646,4.893651019767615,3.890346693629467,0.03324756746149937,0.1048647267860997,0.3723758348136121,0.240234375,6.682706061795653,0,1,1,1,0,0,0,0,0,,
57.45486999999999,1558,,,,-0.0078125,0.068359375,-0.978515625,-0.023098204605319136,305.89062572565786,15.332109280595546,5.118695904537812,25915,0,78.25839903007727,62.68473798350702,80.09969378419717,4.87982618362608,3.908725830285565,0.03324756746149937,0.1048647267860997,0.37089331398475633,0.234375,6.63035816529919,0,1,1,1,0,0,0,0,0,,
57.564315,1555,,,,-0.025390625,0.078125,-0.990234375,-0.022686900877321958,303.56897592268507,15.335000775571281,5.083607431491124,25818,0,77.81831721730015,61.338385074328805,78.82255395352135,4.949086539445494,3.900996407760887,0.034265354751452426,0.10313480885998708,0.36836811793734936,0.23046875,6.575072496535063,0,1,1,1,0,0,0,0,0,,
57.69126000000001,1551,,,,-0.021484375,0.060546875,-0.984375,-0.02249715085444065,303.56897592268507,15.337619722026531,5.026055972926494,25767,0,76.83298316573048,60.70341224610398,79.00697037256167,5.0008552186811945,3.9510242009981567,0.03560548290627402,0.10308301647429946,0.36836811793734936,0.22265625,6.520481194520914,0,1,1,1,0,0,0,0,0,,
57.83041999999998,1547,,,,-0.029296875,0.072265625,-1.005859375,-0.022441485605380757,300.0402640894204,15.341964090382808,4.9772718768343385,25619,0,76.11255461814667,60.20585013381823,79.10107660407448,4.9835732478243795,3.9420600923817255,0.03512752480014516,0.10232109659316208,0.3645300329848349,0.216796875,6.45828331554137,0,1,1,1,0,0,0,0,0,,
58.02694,1539,,,,-0.013671875,0.0703125,-0.990234375,-0.022231297411546967,295.80696189950135,15.345013643442254,4.9248721710588494,25507,0,75.41494763094747,59.38133344758275,78.73947448478353,4.9814806223679176,3.9223916636138227,0.036184874657853035,0.10189758452435743,0.35992558405210834,0.208984375,6.352957207684742,0,1,1,1,0,0,0,0,0,,
58.132550000000045,1536,,,,-0.0078125,0.064453125,-0.986328125,-0.022036255484653117,295.80696189950135,15.347877678731393,4.895956906810087,25435,0,74.95544699837053,58.695108524702825,78.3066619907941,5.039720844455139,3.9464371669470792,0.03640113003730398,0.10084890031180367,0.35992558405210834,0.203125,6.302636621196513,0,1,1,1,0,0,0,0,0,,
58.24187,1532,,,,-0.029296875,0.0703125,-0.98046875,-0.021860413478041577,292.3462248490589,15.35157616063082,4.831735415173686,25345,0,74.07962500942617,58.021018994957885,78.32250634040747,5.038626172257752,3.946378303236007,0.03721294289899577,0.10043222252381671,0.3561614334426142,0.19921875,6.251092704049356,0,1,1,1,0,0,0,0,0,,
58.34540500000003,1528,,,,-0.029296875,0.052734375,-0.982421875,-0.021860413478041577,290.8898393347159,15.353418757420494,4.790259692088261,25244,0,73.49656880979312,57.78991374368794,78.62940363004766,5.033574554633906,3.957869653582467,0.03721294289899577,0.10043222252381671,0.3545773620897294,0.19921875,6.200493617727757,0,1,1,1,0,0,0,0,0,,
58.454119999999996,1525,,,,-0.033203125,0.080078125,-0.990234375,-0.02131187297131936,290.8898393347159,15.35665736655854,4.750925952421516,25212,0,72.89065335170974,56.267334650149365,77.19416970876904,5.169781741811075,3.9907700913465973,0.03952771472495299,0.0989457886902676,0.3545773620897294,0.201171875,6.153365581965262,1,1,1,1,0,0,0,0,0,,
58.55699499999999,1521,,,,-0.029296875,0.08203125,-0.98046875,-0.021365728277193206,287.8190908034839,15.359248174114335,4.712774186057663,25081,0,72.20414825691469,56.116389106641364,77.71906526335532,5.12896669556774,3.986184973464051,0.038836746311390696,0.0986942266140344,0.3512373915034167,0.201171875,6.103907273303089,0,1,1,1,0,0,0,0,0,,
58.666204999999955,1518,,,,-0.025390625,0.076171875,-0.99609375,-0.021365728277193206,284.8216381242223,15.3604089120978,4.67063254285141,25034,0,71.58551620316007,56.01092363502204,78.24337464587494,5.085108754502514,3.9787606939355866,0.038836746311390696,0.0986942266140344,0.34797714284392095,0.19921875,6.056300237525878,0,1,1,1,0,0,0,0,0,,
58.77115999999997,1514,,,,0,0.0703125,-0.984375,-0.021010882378997633,282.2013388072458,15.363015406572208,4.644879955020665,24929,0,71.28674351009323,54.85015909842876,76.94300005535072,5.144950232520469,3.958679060255992,0.04053795019519227,0.09790736700457353,0.34512711375263433,0.19921875,6.007075255543048,0,1,1,1,0,0,0,0,0,,
58.88651500000002,1511,,,,-0.025390625,0.072265625,-0.9765625,-0.020872353881194305,282.2013388072458,15.36442319852176,4.637895132629194,24912,0,71.16811261752618,54.450466740009446,76.50963997406927,5.182716617558178,3.9652778249700225,0.04148624755313304,0.09784377566969925,0.34512711375263433,0.19921875,5.96354591776808,0,1,1,1,0,0,0,0,0,,
58.99075500000001,1507,,,,-0.009765625,0.0703125,-0.986328125,-0.02087595159363434,279.05489446620817,15.363920203446481,4.638835867606135,24885,0,71.1900721459815,54.40081069886781,76.41628819719996,5.129609115770326,3.9198568852968934,0.04204268346227911,0.09834352839795937,0.3417048108699169,0.19921875,5.915766521452591,0,1,1,1,0,0,0,0,0,,
59.110274999999966,1503,,,,-0.03125,0.060546875,-0.982421875,-0.02087595159363434,278.3698762300777,15.368072515229969,4.576711263463416,24851,0,70.21558096654823,54.326866766048724,77.37152640228223,5.123981793922328,3.9645029265327496,0.04204268346227911,0.09834352839795937,0.3409597349587853,0.201171875,5.870229764790079,0,1,1,1,0,0,0,0,0,,
59.247620000000055,1499,,,,-0.0546875,0.0234375,-0.912109375,-0.020581570470530365,277.96722376911976,15.371872546222832,4.518730235920327,24682,0,69.42129640668713,53.19667321374042,76.62875222338278,5.225274570315091,4.00406270347818,0.04200279975538207,0.09644674012840515,0.34052178070677547,0.20703125,5.817069867789933,0,1,1,1,0,0,0,0,0,,
59.375820000000004,1495,,,,-0.0078125,0.072265625,-0.994140625,-0.020388148309208577,273.085687448113,15.375809374090245,4.45434592354874,24556,0,68.3840015803431,52.428130433664826,76.66724558677367,5.208762646870218,3.993414850508122,0.041993634527116845,0.09521506882378723,0.3352122649446241,0.205078125,5.7573095316580165,0,1,1,1,0,0,0,0,0,,
59.479994999999995,1491,,,,0.021484375,0.056640625,-0.974609375,-0.020287393055461875,273.085687448113,15.379360876513983,4.378446494808152,23949,0,67.20010255116921,50.88037489129123,75.71472804308387,5.3672105999921556,4.063768909283631,0.042138205705000174,0.09470150299572634,0.3352122649446241,0.19921875,5.702265181855271,0,1,1,1,0,0,0,0,0,,
59.59101000000001,1487,,,,-0.03125,0.076171875,-1.005859375,-0.019862441293879346,269.50135426145823,15.38338358579152,4.327110911576713,24079,0,66.38085899781295,50.08310975081634,75.44811939307147,5.381082676421973,4.059925682346736,0.04339314712224392,0.09308852551683804,0.3313136821420237,0.197265625,5.655705198227344,0,1,1,1,0,0,0,0,0,,
59.69483500000002,1483,,,,-0.025390625,0.076171875,-0.974609375,-0.019862441293879346,268.7533678730447,15.38574446356875,4.286095916270615,24104,0,65.78870678009496,50.13704265226593,76.2091931976316,5.360375356341414,4.085098811432462,0.04339314712224392,0.09308852551683804,0.3305001174652505,0.19921875,5.607013788986503,0,1,1,1,0,0,0,0,0,,
59.80742499999999,1480,,,,-0.021484375,0.087890625,-0.978515625,-0.019574798653162168,268.7533678730447,15.388726003793955,4.253232833619724,24078,0,65.30323701100579,49.356651418001746,75.58071188673769,5.445129686715797,4.11546778037589,0.04436869686108903,0.09210482518388728,0.3305001174652505,0.201171875,5.562264007058098,0,1,1,1,0,0,0,0,0,,
59.908639999999956,1476,,,,0.00390625,0.15234375,-1,-0.019536464953798082,262.862734182324,15.391529630784145,4.211521404885937,24003,0,64.71036000322114,49.10763623703765,75.88836816020368,5.352787352938592,4.06214297323086,0.04457757543888422,0.09204133681886795,0.3240930336348282,0.19921875,5.514930643670047,0,1,1,1,0,0,0,0,0,,
60.01532500000001,1473,,,,0.01171875,0.0859375,-0.998046875,-0.019536464953798082,261.65026102697317,15.393837810531348,4.192575655838432,23990,0,64.39610732790555,49.08066915967779,76.21682613478262,5.3310247294250805,4.0631378492281796,0.04457757543888422,0.09204133681886795,0.3227742591945321,0.197265625,5.472880819663284,0,1,1,1,0,0,0,0,0,,
60.12817499999999,1469,,,,-0.021484375,0.080078125,-0.990234375,-0.01913276000495851,258.0609331041419,15.396960202414078,4.138019415726503,23866,0,63.60029090873764,47.81747361306518,75.18436304274174,5.3967914572892,4.057543281907985,0.047203738203404,0.09173823333464554,0.31887024375173145,0.193359375,5.4260264212696026,0,1,1,1,0,0,0,0,0,,
60.26645000000001,1466,,,,-0.01171875,0.078125,-0.990234375,-0.018830746920419163,258.0609331041419,15.398449823359163,4.113404771969469,23768,0,63.20147793741418,46.87002105380451,74.1596914873066,5.5058847276364675,4.0831471276619355,0.048452243166698925,0.0908975921442678,0.31887024375173145,0.19140625,5.380029311369928,0,1,1,1,0,0,0,0,0,,
60.40201500000001,1461,,,,-0.001953125,0.078125,-0.98046875,-0.01875439750005399,254.1677329399759,15.401294461754539,4.087935250847382,23702,0,62.793769354316126,46.55026055807911,74.13197366034451,5.460071112230614,4.047658478754879,0.04901762844284565,0.09089917746708966,0.31463571464500406,0.1875,5.322591521967008,0,1,1,1,0,0,0,0,0,,
60.608059999999995,1454,,,,-0.041015625,0.068359375,-0.9921875,-0.01853299376214799,252.84272068757474,15.405487247314024,4.041421051511708,23581,0,62.11956329649355,45.76511194398576,73.67262343032127,5.524791920033797,4.0702591465553155,0.0495364617267118,0.0899430742212254,0.3131945344557073,0.18359375,5.233942659311957,1,1,1,1,0,0,0,0,0,,
60.715315000000004,1449,,,,-0.0078125,0.0703125,-0.9921875,-0.018384848908515765,251.4891680547,15.407041208694363,4.0161863614846345,23511,0,61.750380785948195,45.26391065074775,73.30142757767078,5.556063637434417,4.07267396336329,0.049833801003668445,0.08926062265072206,0.31172231166219383,0.18359375,5.18872195318556,0,1,1,1,0,0,0,0,0,,
60.831934999999994,1446,,,,-0.03125,0.083984375,-0.98828125,-0.018288387051062623,251.4891680547,15.4094267954978,3.9768958540853987,23471,0,61.12832448796708,44.95140152871746,73.53612569172579,5.594690254408079,4.114118457544258,0.05038834973978735,0.08912566386289975,0.31172231166219383,0.1796875,5.147972439877453,0,1,1,1,0,0,0,0,0,,
60.93142499999999,1442,,,,-0.033203125,0.060546875,-0.98828125,-0.018162550412502976,248.49152234784128,15.411836616711435,3.931092590764754,23363,0,60.462398144044414,44.436573898413656,73.49456068968493,5.592049533699811,4.10985223834225,0.05072976865300776,0.08862214619185184,0.30846185305177226,0.173828125,5.104485045013841,0,1,1,1,0,0,0,0,0,,
61.045,1439,,,,-0.0234375,0.083984375,-0.994140625,-0.018162550412502976,246.74656135278158,15.414267575503711,3.8947889218979785,23297,0,59.941395305760295,44.310013561143464,73.92222575920805,5.56864107054031,4.116463423884788,0.05072976865300776,0.08862214619185184,0.30656390591006216,0.173828125,5.063682067009354,0,1,1,1,0,0,0,0,0,,
61.14951000000001,1435,,,,-0.044921875,0.07421875,-0.998046875,-0.017959297810105416,245.6247696485415,15.415894785291009,3.8692766686454316,23208,0,59.54000140796265,43.647255381534755,73.30744768121141,5.627496333995255,4.125373930805662,0.05097580062447697,0.08754703681477613,0.3053437632451634,0.169921875,5.022722161691649,0,1,1,1,0,0,0,0,0,,
61.25871499999997,1431,,,,-0.021484375,0.05859375,-0.9921875,-0.017696144679670768,245.6247696485415,15.417891603600548,3.842301228738405,23137,0,59.111010484971175,42.87537763852644,72.53365707464499,5.728807142396595,4.155313327133715,0.05169428327049846,0.08649792204514505,0.3053437632451634,0.166015625,4.983101858721951,0,1,1,1,0,0,0,0,0,,
61.360659999999974,1428,,,,-0.0078125,0.103515625,-0.99609375,-0.017696144679670768,242.10575312559044,15.420540565786876,3.8065490997517597,23052,0,58.57771834797522,42.71816519503225,72.92562154993672,5.667512919158457,4.133069022719267,0.05169428327049846,0.08649792204514505,0.30151622362091113,0.16015625,4.942496499626267,0,1,1,1,0,0,0,0,0,,
61.470994999999995,1424,,,,-0.0234375,0.044921875,-0.982421875,-0.017588128447946678,240.228108761328,15.423133637196727,3.7849622790747603,23010,0,58.23534074993886,42.38060429047338,72.77471676941785,5.668350246136726,4.125125837124602,0.05237100096380326,0.08639458276272731,0.29947396034718216,0.162109375,4.904863308098699,0,1,1,1,0,0,0,0,0,,
61.573280000000025,1421,,,,-0.03125,0.06640625,-0.994140625,-0.017472554594069205,240.228108761328,15.425679298033195,3.757774706884648,22902,0,57.80468141318808,41.90409276944637,72.49255898482645,5.732807773289536,4.155859056538632,0.0525192621488078,0.08579042030746348,0.29947396034718216,0.162109375,4.865256315627114,0,1,1,1,0,0,0,0,0,,
61.689809999999994,1417,,,,-0.037109375,0.068359375,-0.982421875,-0.017327061042284722,237.24786483191534,15.426733939242347,3.726708067044341,22836,0,57.312919136526354,41.43566522605184,72.29725138820278,5.7256921914397205,4.139518077359871,0.053055435142371536,0.08532947761260445,0.29623242918204906,0.1640625,4.8266608303915595,0,1,1,1,0,0,0,0,0,,
61.82829999999999,1413,,,,-0.02734375,0.060546875,-0.984375,-0.017327061042284722,236.0494289118366,15.428002521735444,3.7137060144275593,22739,0,57.11572231842271,41.26015373275093,72.23957267444456,5.721002166903428,4.132827518066749,0.053055435142371536,0.08532947761260445,0.29492892266501175,0.1640625,4.782947343594906,0,1,1,1,0,0,0,0,0,,
61.957860000000046,1409,,,,-0.021484375,0.060546875,-0.98046875,-0.017371032883608223,235.3278672210902,15.430993004818417,3.6563216184351033,22666,0,56.256424785238984,41.23124651403136,73.2916225505499,5.7075127995707335,4.183128738085706,0.05207916224063903,0.08477081175443128,0.29414409942117026,0.166015625,4.736803663981266,0,1,1,1,0,0,0,0,0,,
62.062289999999976,1404,,,,-0.009765625,0.072265625,-0.984375,-0.017140060080108942,233.34964651103394,15.43334111796293,3.622214359664097,22566,0,55.784224912327176,40.50381725088335,72.60801295445235,5.761176658132013,4.183075894265378,0.052145295952412296,0.08336609914559212,0.2919924419612311,0.171875,4.691708126746186,0,1,1,1,0,0,0,0,0,,
62.17636500000005,1401,,,,-0.005859375,0.06640625,-1,-0.017034723467363705,233.34964651103394,15.435548943198002,3.596021765462904,22533,0,55.4419227870094,40.19558774946884,72.50034942671049,5.80535475598606,4.208902483550048,0.05217230759749916,0.08272277160641296,0.2919924419612311,0.171875,4.655499604087572,1,1,1,1,0,0,0,0,0,,
62.28198000000004,1397,,,,-0.017578125,0.060546875,-0.9765625,-0.016844374402443144,229.17578280634808,15.438519261606437,3.5472671213693516,22414,0,54.67559357553445,39.53672430527714,72.31146791421125,5.796529349189381,4.191555460476917,0.05373085930320912,0.08285442656816769,0.2874526426702303,0.171875,4.613821895785325,0,1,1,1,0,0,0,0,0,,
62.39026000000001,1394,,,,-0.03515625,0.048828125,-0.998046875,-0.016844374402443144,227.758271408291,15.43980487083005,3.5223828514898523,22390,0,54.28403178157454,39.4940307906786,72.75441689665347,5.766903677556422,4.195677143597839,0.05373085930320912,0.08285442656816769,0.28591085364806823,0.17578125,4.578451753321189,1,1,1,1,0,0,0,0,0,,
62.492015000000016,1390,,,,-0.009765625,0.060546875,-0.998046875,-0.016520889561776143,225.6739666713235,15.44196912657847,3.50166327865708,22291,0,53.96155679927483,38.565621679124106,71.46869728495746,5.851687509383071,4.182124832142653,0.05477928574739936,0.08170641813921975,0.28364381144530254,0.1796875,4.541765177670508,0,1,1,1,0,0,0,0,0,,
62.602869999999996,1387,,,,-0.177734375,-0.05078125,-1,-0.016442875935470877,225.6739666713235,15.443323163920038,3.4652477393578023,22238,0,53.40590517246122,38.29185630496786,71.69966725835606,5.893523805009299,4.225636957983673,0.05506174399786641,0.08145494233114307,0.28364381144530254,0.19140625,4.505897282398596,0,1,1,1,0,0,0,0,0,,
62.705140000000014,1383,,,,-0.076171875,0.05078125,-0.982421875,-0.016442875935470877,223.1417230170208,15.445583754229556,3.4389622918538665,22129,0,52.99108228413948,38.104026189895215,71.90648793617858,5.856119295766064,4.210929714938249,0.05506174399786641,0.08145494233114307,0.28088955812995386,0.2109375,4.469028274884834,0,1,1,1,0,0,0,0,0,,
62.82096000000002,1380,,,,0.0078125,0.1015625,-0.974609375,-0.016036489122172624,221.74772013985805,15.447702676168763,3.407887348530969,21841,0,52.57971204306621,36.67920870203163,69.7592422567643,6.045597164902187,4.217362772132192,0.0560746684919121,0.07975196605612979,0.27937333869368147,0.2109375,4.43378970796591,0,1,1,1,0,0,0,0,0,,
62.95338,1376,,,,-0.0078125,0.08203125,-0.994140625,-0.015851504967806955,221.74772013985805,15.450307461421325,3.3680888538206872,21871,0,51.898117175006284,36.305626770553815,69.95557593761477,6.107805865500431,4.272750770362244,0.05677487368153732,0.07918177174577877,0.27937333869368147,0.2109375,4.393740091508622,1,1,1,1,0,0,0,0,0,,
63.10147499999998,1371,,,,-0.015625,0.060546875,-0.994140625,-0.01585841925557819,218.4102514507959,15.452237849641545,3.3305016019986273,21803,0,51.35021861179179,36.20783739998598,70.51155453439766,6.032126388495118,4.253346088007526,0.056643375692585624,0.07911279657368524,0.2757432637654245,0.21484375,4.350480195703917,0,1,1,1,0,0,0,0,0,,
63.301660000000034,1364,,,,-0.017578125,0.0703125,-0.9765625,-0.015707217258917248,216.37075589825022,15.454855511674252,3.305913973319076,21716,0,50.9773727317979,35.71922673816551,70.06878704026485,6.057543112126249,4.244446983107973,0.05722927051721968,0.07865835825801894,0.27352495930736287,0.212890625,4.274142090484379,1,1,1,1,0,0,0,0,0,,
63.402910000000034,1360,,,,-0.03515625,0.072265625,-0.99609375,-0.015501198993280545,215.0686197398422,15.457405745134977,3.2768366326939335,21636,0,50.504868781825614,35.12183729911806,69.54148807086258,6.123501396245087,4.25837399298888,0.058241257178287424,0.07822234367489467,0.27210866083022506,0.208984375,4.239140374553424,0,1,1,1,0,0,0,0,0,,
63.512510000000006,1356,,,,-0.029296875,0.095703125,-0.98828125,-0.015391753480595249,215.0686197398422,15.46043657295725,3.222657173272889,21615,0,49.70735290950553,34.84027294208676,70.09078315941515,6.172988945790981,4.326696296449024,0.059654899353166695,0.07874166935449536,0.27210866083022506,0.20703125,4.2053244279065325,0,1,1,1,0,0,0,0,0,,
63.61790499999997,1353,,,,-0.03125,0.05859375,-0.982421875,-0.015069611724330795,213.26941422703132,15.463346442753764,3.178422672919875,21436,0,49.00514472948265,33.82829056743569,69.03007991135223,6.304469148445001,4.351980091158132,0.06062217183890545,0.07753259184619833,0.2701517133855221,0.203125,4.16862752803417,0,1,1,1,0,0,0,0,0,,
63.72767500000005,1349,,,,-0.0078125,0.091796875,-0.986328125,-0.015069611724330795,210.0719337237497,15.467187485480093,3.1377171942695314,21350,0,48.40015138524002,33.69187635091302,69.61109704542702,6.235091555476902,4.340315633554251,0.06062217183890545,0.07753259184619833,0.26667389984180473,0.19921875,4.133554119149021,0,1,1,1,0,0,0,0,0,,
63.83001500000002,1346,,,,-0.009765625,0.07421875,-0.982421875,-0.014726311158682732,210.0719337237497,15.469409199672876,3.11944794519638,21236,0,48.12975214655236,32.748117239797246,68.04131702170643,6.414778968375598,4.364700094114189,0.0613242201388701,0.07596228283341129,0.26667389984180473,0.1953125,4.0989103109412275,0,1,1,1,0,0,0,0,0,,
63.938910000000035,1342,,,,-0.0078125,0.072265625,-0.982421875,-0.014476036286138924,207.59046913768282,15.471495614510832,3.093246918386111,21191,0,47.741051353013674,32.123950366349824,67.28789889609749,6.462171270042056,4.348259270678557,0.06216775004925132,0.07510184430686191,0.263974877553218,0.1953125,4.065902569884975,0,1,1,1,0,0,0,0,0,,
64.04164500000002,1338,,,,-0.013671875,0.064453125,-0.978515625,-0.014476036286138924,205.0517095449376,15.473382020944957,3.057447660910859,21076,0,47.178762575242075,31.949728601534186,67.72057353259281,6.417948399570796,4.346271465215205,0.06216775004925132,0.07510184430686191,0.2612135370268786,0.193359375,4.030717236523731,0,1,1,1,0,0,0,0,0,,
64.15297500000004,1335,,,,-0.005859375,0.04296875,-0.96875,-0.014244600174351418,203.13031215402805,15.476313445002953,3.0232874934108533,21033,0,46.640966820082326,31.37525014396988,67.26972505737285,6.474221280210841,4.355190854803757,0.06299576936464385,0.0743473057682356,0.2591236847628506,0.19140625,3.9973557934032145,0,1,1,1,0,0,0,0,0,,
64.25708500000002,1331,,,,-0.009765625,0.091796875,-0.966796875,-0.014116763636209565,203.13031215402805,15.478257900949608,2.9873588891092897,20916,0,46.12261955861561,30.920440503366294,67.03964518769494,6.569450785538238,4.404136497405072,0.0631782426247689,0.07369488260105744,0.2591236847628506,0.19140625,3.9615045986740314,0,1,1,1,0,0,0,0,0,,
64.38094500000001,1328,,,,-0.005859375,0.07421875,-0.97265625,-0.01422093659123263,199.93150650420245,15.48098392397391,2.953618884494222,20872,0,45.60758763115754,31.08326117324017,68.15370596800685,6.432127741999127,4.383733428768683,0.06240259631067689,0.07368910098105494,0.25564442989287856,0.193359375,3.92815309706648,0,1,1,1,0,0,0,0,0,,
64.52377999999997,1324,,,,-0.017578125,0.09375,-0.982421875,-0.01422093659123263,198.59360272522787,15.484969793239152,2.9113914754856474,20335,0,44.926225225786325,30.283178898321424,67.40646191868302,6.557884936453476,4.420438212361563,0.06240259631067689,0.07368910098105494,0.25418922793685944,0.205078125,3.8872022833066446,0,1,1,1,0,0,0,0,0,,
64.63733999999997,1319,,,,-0.126953125,-0.14453125,-0.982421875,-0.014120532387303214,194.32414616220944,15.487162218151378,2.872470483357542,20484,0,44.379130838227766,30.28893844460514,68.25040930840974,6.415680315690336,4.378728075377728,0.06173720268895273,0.07248343623476036,0.24954545486492377,0.220703125,3.8422583018447014,0,1,1,1,0,0,0,0,0,,
64.75030000000005,1315,,,,0.01171875,0.087890625,-1,-0.013853964168705473,191.74323113645303,15.48960921082162,2.849698634196931,20476,0,44.02254075875048,29.705592949513775,67.47814287299879,6.4547855167318415,4.355569393125945,0.06369946930371259,0.07247891325855932,0.2467382630079141,0.244140625,3.80562548754723,0,1,1,1,0,0,0,0,0,,
64.86360999999998,1311,,,,-0.03515625,0.037109375,-0.984375,-0.013565655189420055,191.74323113645303,15.491208567886487,2.812418283194244,20409,0,43.450585564394714,28.992970306329934,66.72630513428115,6.613438675325735,4.412903270366412,0.06471087247239159,0.07152173125661687,0.2467382630079141,0.255859375,3.770558050775861,0,1,1,1,0,0,0,0,0,,
64.98418000000005,1308,,,,-0.01171875,0.08984375,-0.9765625,-0.013292807101717147,189.9562986422903,15.492862668644994,2.783035445980195,20300,0,42.9901245296247,28.258559943706597,65.73267756931824,6.722079929787613,4.418603126199146,0.06589402344481808,0.07080959901130959,0.24479466459549853,0.263671875,3.7338024901064335,0,1,1,1,0,0,0,0,0,,
65.13347500000003,1304,,,,-0.017578125,0.0703125,-0.990234375,-0.013292807101717147,189.57744864880956,15.495687009513947,2.742076047587066,20184,0,42.32241767355094,28.096317811069092,66.3863724132841,6.747412594191323,4.479362453040685,0.06589402344481808,0.07080959901130959,0.24438259964717055,0.271484375,3.695659335011098,0,1,1,1,0,0,0,0,0,,
65.241505,1299,,,,-0.009765625,0.06640625,-0.98828125,-0.012867292139085029,186.982155287843,15.498468674737357,2.699082741432056,20182,0,41.67956906849195,27.19442694842444,65.2464206233416,6.875752728397764,4.486182546191291,0.06825446797424838,0.07014072023217689,0.24155976886167368,0.275390625,3.6484244662707015,0,1,1,1,0,0,0,0,0,,
65.35047000000003,1295,,,,-0.01171875,0.076171875,-0.96875,-0.012740925986007994,185.89472658119064,15.500416426049608,2.6738979676130903,20080,0,41.30458856200089,26.791106122759935,64.86229994167533,6.938673070436121,4.500582938918529,0.06803856854176245,0.06915610639454471,0.240377001905021,0.26953125,3.616180276922503,0,1,1,1,0,0,0,0,0,,
65.53412,1291,,,,-0.00390625,0.0859375,-0.986328125,-0.01249295965573388,185.89472658119064,15.504023960672466,2.5927700102496405,19852,0,40.09147459817379,25.971272711830146,64.78003857960655,7.157705694434987,4.63676451026968,0.06920096322057667,0.06858361246615743,0.240377001905021,0.2578125,3.5566153918534096,0,1,1,1,0,0,0,0,0,,
65.63904999999998,1285,,,,-0.01953125,0.06640625,-0.99609375,-0.012418195753489913,179.6785682442015,15.506713643853061,2.5637226820821137,19708,0,39.63120026128949,25.628430632983736,64.66730874668154,7.010907956765623,4.533765494347287,0.06911553893524344,0.06803734101498289,0.2336158536721905,0.2421875,3.5212114597638315,0,1,1,1,0,0,0,0,0,,
65.75540499999997,1282,,,,-0.03125,0.05078125,-0.98046875,-0.012271919998488227,179.6785682442015,15.50910738194489,2.5330878397854057,19638,0,39.17851996976326,25.23692460818202,64.41520666849866,7.119669731309029,4.586149971537254,0.06945623900863625,0.06740388539837422,0.2336158536721905,0.23046875,3.4879609734172794,0,1,1,1,0,0,0,0,0,,
65.85678499999997,1278,,,,-0.0234375,0.056640625,-0.984375,-0.011956912346163381,175.46751132598624,15.512728759195163,2.485736742606681,19473,0,38.45402692356172,24.38246833636441,63.40680102198783,7.1964621836211355,4.563046457391255,0.0707652483126315,0.06653289106775742,0.22903560032318548,0.228515625,3.4516155227147816,0,1,1,1,0,0,0,0,0,,
65.9673,1275,,,,0.005859375,0.0625,-0.98046875,-0.011956912346163381,172.60415515004675,15.513842415813308,2.4660037490475792,19416,0,38.12939484556148,24.31160668106824,63.7607986686898,7.099660561901728,4.526800277034533,0.0707652483126315,0.06653289106775742,0.22592120482368241,0.2265625,3.41922456862249,0,1,1,1,0,0,0,0,0,,
66.06970000000001,1271,,,,0.009765625,0.09375,-0.990234375,-0.011754491666800624,172.60415515004675,15.516738752851207,2.428043239010582,18966,0,37.49937618470693,23.345619470033878,62.25602088696807,7.393427935017922,4.602854039487689,0.07170184798480929,0.06605501559538836,0.22592120482368241,0.2265625,3.384174648685936,0,1,1,1,0,0,0,0,0,,
66.18129500000005,1267,,,,0.001953125,0.052734375,-1,-0.011551600289796208,169.90354373382183,15.520007394898158,2.3886621019334005,19026,0,36.91606482552898,23.015396575222248,62.345205763389366,7.3821688528598015,4.602428361116284,0.07189851145542943,0.06493987196145758,0.22298382242212422,0.22265625,3.350441773051683,0,1,1,1,0,0,0,0,0,,
66.28308500000001,1264,,,,-0.0234375,0.05859375,-0.978515625,-0.011551600289796208,169.32555684310594,15.52251626672387,2.360435566813266,19010,0,36.45899041531075,22.995690719756098,63.072757796659076,7.363360331578763,4.644274427631946,0.07189851145542943,0.06493987196145758,0.22235516162667612,0.220703125,3.316073488189458,0,1,1,1,0,0,0,0,0,,
66.39710999999998,1260,,,,-0.001953125,0.083984375,-0.98046875,-0.011327765291920316,168.74837894144278,15.524384308715927,2.3183285735995787,18978,0,35.84960641939165,22.512829689508063,62.797982845721,7.495653867984739,4.707119430191679,0.07243815918253307,0.0639862283329279,0.22172738074686207,0.220703125,3.283008321616951,0,1,1,1,0,0,0,0,0,,
66.5295,1256,,,,-0.009765625,0.07421875,-0.966796875,-0.011380062346633153,168.74837894144278,15.526352486951286,2.2978044522518473,18844,0,35.52286822590483,22.457200782181708,63.21899639231534,7.514221410681485,4.750415362529315,0.07255868026245485,0.06442043401018285,0.22172738074686207,0.2109375,3.2480847032371933,0,1,1,1,0,0,0,0,0,,
66.649565,1252,,,,-0.0078125,0.0546875,-0.9921875,-0.011284932463672692,163.91411222136207,15.527520199976413,2.293338723235368,18779,0,35.4659129160277,22.192036040088777,62.572860009645446,7.386168259877535,4.621736725330036,0.07262879732291715,0.06387863710621325,0.21646927885827077,0.20703125,3.2065793834971554,0,1,1,1,0,0,0,0,0,,
66.75564500000002,1248,,,,-0.0078125,0.0703125,-0.97265625,-0.011370263164803104,162.1565996708895,15.529065816275025,2.2914392580387535,18729,0,35.47764863926187,22.300401282742158,62.857607925185555,7.271465549652656,4.570669305615605,0.07196994395551895,0.06385375490976646,0.21455767972732576,0.201171875,3.1739378178771966,0,1,1,1,0,0,0,0,0,,
66.86404500000005,1245,,,,-0.001953125,0.060546875,-0.9765625,-0.011370263164803104,161.27074230822947,15.530482074016657,2.257749472269649,18701,0,34.99759044775051,22.266721816239038,63.62358531362905,7.2426800693497375,4.6080527329159375,0.07196994395551895,0.06385375490976646,0.21359415650005387,0.1953125,3.143539009010195,0,1,1,1,0,0,0,0,0,,
66.96759500000003,1241,,,,-0.029296875,0.060546875,-0.998046875,-0.011050632349306219,161.27074230822947,15.533749873006855,2.183736163014168,18532,0,33.80583199658015,21.446041511543655,63.43888094135109,7.519837272599843,4.770500614347958,0.0728672012270685,0.06260054592894523,0.21359415650005387,0.1953125,3.1082568931982757,0,1,1,1,0,0,0,0,0,,
67.08590500000003,1238,,,,-0.0078125,0.103515625,-0.98046875,-0.0108659661376387,160.03132289249817,15.537239775508137,2.1316193686613953,18480,0,33.060209924510104,21.02772462378767,63.60432880433159,7.610491660684119,4.840602139487762,0.07368400574867408,0.06213231486934462,0.2122460733370908,0.197265625,3.0755174150147795,0,1,1,1,0,0,0,0,0,,
67.21572000000003,1233,,,,-0.013671875,0.078125,-0.978515625,-0.010720482290770739,157.27946850398547,15.540900020928163,2.079332294206067,18173,0,32.24391017442365,20.40236748743548,63.2751033515127,7.708883226461041,4.87780382879065,0.07419172998901633,0.06164704666709596,0.20925295533281046,0.20703125,3.0344245953242224,0,1,1,1,0,0,0,0,0,,
67.35900500000001,1229,,,,-0.0234375,0.087890625,-0.982421875,-0.010720482290770739,153.15678899377448,15.544422234883129,2.0221796279209934,17952,0,31.32581076172508,20.153764052577905,64.33596948495406,7.599413617933268,4.889156426268991,0.07419172998901633,0.06164704666709596,0.20476882771348562,0.216796875,2.9939733732236675,0,1,1,1,0,0,0,0,0,,
67.464,1224,,,,-0.01171875,0.115234375,-0.986328125,-0.010363038068294722,149.75164783369462,15.546831578305111,1.9734394405218385,17811,0,30.553551323547858,19.32845701003977,63.26091787288628,7.747729048206446,4.901284510199634,0.0762313534020328,0.06113384786424031,0.20106514725862712,0.228515625,2.948224611721727,0,1,1,1,0,0,0,0,0,,
67.57498000000004,1221,,,,-0.013671875,0.04296875,-0.962890625,-0.010058870060689222,149.75164783369462,15.549703982984868,1.9418140001373756,17738,0,30.07627715846997,18.68404082638597,62.122185960519516,8.014949722343381,4.979061971156297,0.07732843591650897,0.060149769378138124,0.20106514725862712,0.232421875,2.9147839654470027,0,1,1,1,0,0,0,0,0,,
67.75866499999998,1217,,,,-0.029296875,0.087890625,-0.978515625,-0.009767890664631781,145.41914127655312,15.553151027124846,1.8745996193470817,17542,0,29.026756067079454,17.943222822604664,61.81614914576995,8.104404805883354,5.009830962181802,0.07818573325743913,0.05904358821191972,0.19635279640388165,0.23046875,2.8544634391020995,0,1,1,1,0,0,0,0,0,,
67.86528000000003,1211,,,,-0.005859375,0.072265625,-0.990234375,-0.009460178232642894,143.18845881250323,15.555415823202525,1.8564637273386848,17375,0,28.762101806444356,17.21266405591588,59.84494517038132,8.318785421440342,4.978372574302648,0.07888154045734441,0.057693101316558415,0.19392654308435597,0.228515625,2.8181089466204052,0,1,1,1,0,0,0,0,0,,
67.97625500000001,1208,,,,-0.02734375,0.05859375,-1.00390625,-0.009158962283261898,141.26804192841482,15.556648022778896,1.8383293548226232,17325,0,28.464532400513832,16.616895156778735,58.37754480898752,8.501470376719903,4.962949678592461,0.07955753708921201,0.05636673669813864,0.19183775729122557,0.224609375,2.7860584877353833,0,1,1,1,0,0,0,0,0,,
68.08627000000001,1204,,,,-0.025390625,0.05078125,-0.986328125,-0.009158962283261898,139.03315834348217,15.559667339989737,1.7912683386727197,17205,0,27.744021245830915,16.50178593661977,59.47870999089393,8.425340073946067,5.01128358832895,0.07955753708921201,0.05636673669813864,0.18940693452550944,0.216796875,2.7508727276050897,1,1,1,1,0,0,0,0,0,,
68.19720000000001,1200,,,,-0.001953125,0.095703125,-1.00390625,-0.008825923687997202,136.1436923831295,15.56274481414162,1.7570677078122672,17040,0,27.163824862448692,15.749397830780008,57.979308549261034,8.644374460911488,5.011948540845392,0.08138874208866709,0.055829295459866826,0.18626414011575104,0.21484375,2.7150547169865944,0,1,1,1,0,0,0,0,0,,
68.29941999999998,1197,,,,0,0.048828125,-1,-0.00865242211992276,136.1436923831295,15.564406048217954,1.7262828532599825,16925,0,26.724495563683313,15.335228717264783,57.3826685735624,8.877839052368063,5.094340959914659,0.08176350332423823,0.05505277552361079,0.18626414011575104,0.212890625,2.6808810330334656,0,1,1,1,0,0,0,0,0,,
68.40845500000002,1193,,,,-0.037109375,0.08984375,-0.9921875,-0.008500725416880725,133.76083522046392,15.566830649594971,1.6768764451467681,16717,0,25.978225367126683,14.881130861566007,57.28309247943033,8.988620318226788,5.148959689514716,0.08195172037162024,0.05425430876930083,0.18367237046944448,0.21484375,2.6471158749421613,0,1,1,1,0,0,0,0,0,,
68.50986499999999,1189,,,,-0.03125,0.0703125,-0.98046875,-0.008500725416880725,130.68519407853617,15.569451517015155,1.6379736722030203,16606,0,25.38048576647197,14.782381839029116,58.24310052629835,8.840604680735225,5.149042271333255,0.08195172037162024,0.05425430876930083,0.18032707832207012,0.21875,2.6120359953331276,0,1,1,1,0,0,0,0,0,,
68.625925,1186,,,,0.029296875,0.00390625,-0.96484375,-0.0083793649323641,130.68519407853617,15.571727095433072,1.6032067004805144,16535,0,24.845587084117675,14.508888384904976,58.39623888050388,9.007250632274546,5.259895595788741,0.08191166295052149,0.053452102374397875,0.18032707832207012,0.21875,2.5785303735630927,0,1,1,1,0,0,0,0,0,,
68.75617500000004,1182,,,,-0.037109375,0.056640625,-0.984375,-0.008047302083680059,125.56897656668617,15.575236815724473,1.5482926909792774,16260,0,23.986867157598407,13.702595033172237,57.125405094143844,9.163882918724497,5.23490523967442,0.08293286245183223,0.052226479892061105,0.17476230614064334,0.21484375,2.538364006958135,0,1,1,1,0,0,0,0,0,,
68.87865500000002,1178,,,,0.001953125,0.0546875,-0.982421875,-0.007736064287689936,121.18266283963861,15.577906478778047,1.5057772166396552,16038,0,23.33220824354249,12.992561356154667,55.68509084325757,9.327080282151874,5.193793128139836,0.08346303688447221,0.050711703284805135,0.1699914306743932,0.20703125,2.4941510746082205,0,1,1,1,0,0,0,0,0,,
68.98204999999999,1174,,,,-0.01953125,0.06640625,-0.994140625,-0.007736064287689936,117.91767086195101,15.58084091939324,1.4697794705835343,15854,0,22.761871912375717,12.843627820984093,56.42606139963806,9.18102521386485,5.180490924291632,0.08346303688447221,0.050711703284805135,0.1664401867157587,0.197265625,2.4569912400764125,0,1,1,1,0,0,0,0,0,,
69.09255499999999,1170,,,,-0.001953125,0.06640625,-0.990234375,-0.007667323412668564,115.11371952165139,15.582960197156787,1.440307357030223,15799,0,22.30799162416441,12.685475040397899,56.8651595989339,9.074450830975005,5.16020094776072,0.08376357035639752,0.05053439222630638,0.16339040425822365,0.1875,2.4236626409678506,0,1,1,1,0,0,0,0,0,,
69.19453999999998,1167,,,,-0.01171875,0.06640625,-0.9765625,-0.007453226773528809,115.11371952165139,15.586016970111883,1.401426579771953,15601,0,21.71673288185071,12.176926162339305,56.07163024285254,9.453430035379055,5.300692334704507,0.08429006832375241,0.04963109256710494,0.16339040425822365,0.1796875,2.3876944513076324,0,1,1,1,0,0,0,0,0,,
69.30363500000001,1163,,,,-0.013671875,0.078125,-0.99609375,-0.007032846160498884,111.0619146838571,15.58802725717796,1.372947068930845,15523,0,21.28533929886933,11.432388223689298,53.71015262273306,9.71467312960238,5.2177657647090765,0.08591860399463663,0.04836729092569485,0.15898336511383532,0.171875,2.354307698663092,1,1,1,1,0,0,0,0,0,,
69.40559499999998,1160,,,,-0.0234375,0.0703125,-0.986328125,-0.007032846160498884,109.18420992298857,15.590656947985867,1.3398579497205572,15333,0,20.755700355026164,11.292600420396553,54.407224170886415,9.668650785321459,5.260444507070017,0.08591860399463663,0.04836729092569485,0.15694103614834234,0.169921875,2.3192563552541197,0,1,1,1,0,0,0,0,0,,
69.51947999999999,1156,,,,-0.01171875,0.0859375,-0.984375,-0.006609952593511931,109.18420992298857,15.592238457905008,1.3114854099540993,15250,0,20.320392233616232,10.556111406197507,51.948364405754056,10.343222586575429,5.373134960572465,0.08796729418390178,0.04744775531703008,0.15694103614834234,0.16796875,2.2861308095825175,0,1,1,1,0,0,0,0,0,,
69.65128500000003,1152,,,,-0.013671875,0.06640625,-0.984375,-0.0065400493433514575,106.37957945595991,15.593833494477142,1.279671397718246,14999,0,19.817505354396985,10.272306109493217,51.83450654254048,10.35595885890205,5.367960172260384,0.08845295277488247,0.04742178313658634,0.15389051502292997,0.1640625,2.246773985451848,0,1,1,1,0,0,0,0,0,,
69.79177500000003,1148,,,,-0.015625,0.0703125,-0.984375,-0.006177129752742769,103.93186196191233,15.597623935371711,1.2356875068593753,14810,0,19.14057740920248,9.580326967944782,50.05244493480493,10.848467104480077,5.429923023740318,0.08999608259085165,0.04644833526101131,0.15122819853866812,0.16015625,2.205625777175449,0,1,1,1,0,0,0,0,0,,
69.99897999999997,1141,,,,-0.033203125,0.07421875,-0.998046875,-0.005753472245762425,99.44388017443286,15.602412258250617,1.1795948184944567,14552,0,18.28002385485612,8.76739185721337,47.961599650124626,11.342470120417332,5.44003010958957,0.0909623679257987,0.044596104254094104,0.1463467414575588,0.154296875,2.131990261374049,0,1,1,1,0,0,0,0,0,,
70.10931,1136,,,,-0.033203125,0.0625,-1.015625,-0.00563393740313368,99.44388017443286,15.603018787218693,1.1725843895515036,14366,0,18.143780627265173,8.475834331971553,46.71481928763335,11.732636136990346,5.480879769070606,0.09125711113238207,0.044092447642607495,0.1463467414575588,0.146484375,2.09845776381942,0,1,1,1,0,0,0,0,0,,
70.21880999999999,1133,,,,-0.01953125,0.080078125,-0.96484375,-0.00552218372019604,92.95805311482901,15.605774428547846,1.1253526019814823,14239,0,17.43372332155078,8.234024275171196,47.230440241027964,11.289504379424034,5.332082619432103,0.09140432181437198,0.043511555538882786,0.13929228180817269,0.150390625,2.0637907062724072,0,1,1,1,0,0,0,0,0,,
70.32172000000003,1129,,,,0.001953125,0.072265625,-0.96875,-0.00552218372019604,91.4780176494947,15.60946517872327,1.0753182537839896,14039,0,16.64944125482706,8.118276841604386,48.76005577214616,11.268156954279997,5.494359615399892,0.09140432181437198,0.043511555538882786,0.13768248703968575,0.1796875,2.0288464210198303,0,1,1,1,0,0,0,0,0,,
70.43159000000003,1126,,,,0,0.07421875,-0.95703125,-0.005017288424878776,90.53244373601412,15.612000018799087,1.0319450929141936,13931,0,16.006318280952506,7.319705372618355,45.73010010258757,12.368318002891074,5.656044203728448,0.09289673364951676,0.041596326818470246,0.13665401172622768,0.22265625,1.9955400280615445,0,1,1,1,0,0,0,0,0,,
70.53473999999999,1122,,,,-0.0078125,0.072265625,-0.98046875,-0.004654211958904083,90.53244373601412,15.614357559682965,0.9968102004635799,13640,0,15.472026831508451,6.6481236703778235,42.96866689010041,13.617743625829544,5.851362896530579,0.0945467155728169,0.04071348239909029,0.13665401172622768,0.25390625,1.9606125695520553,0,1,1,1,0,0,0,0,0,,
70.65310999999998,1119,,,,-0.01171875,0.001953125,-1.0078125,-0.00460648198016204,86.28047451527888,15.616745672240466,0.9699523968990387,13504,0,15.036251584705301,6.514150911208522,43.32297098456799,13.24508377090575,5.73816379895122,0.09537228742206695,0.04111918555089551,0.1320292591661524,0.259765625,1.9277901281707996,0,1,1,1,0,0,0,0,0,,
70.75951500000001,1115,,,,-0.02734375,0.068359375,-0.984375,-0.00460648198016204,84.4133096841346,15.620046708384745,0.9344446543415973,13156,0,14.492315128037964,6.346388001426685,43.79140216975041,13.301000453353666,5.82469460112843,0.09537228742206695,0.04111918555089551,0.12999839419873765,0.2578125,1.88923717177071,0,1,1,1,0,0,0,0,0,,
70.86913500000001,1111,,,,-0.015625,0.046875,-0.98828125,-0.004163698312116673,80.580772164375,15.622592819715553,0.8965543699853795,13093,0,13.842019739996143,5.708629929700119,41.241307532636924,14.115606223682468,5.821460572804924,0.09603275813209992,0.038883788909832226,0.1258298462187436,0.271484375,1.8565089272177226,0,1,1,1,0,0,0,0,0,,
70.97494,1107,,,,-0.029296875,0.07421875,-0.98828125,-0.003918577969925443,80.580772164375,15.624224738397796,0.8615769407175689,12806,0,13.344021361016141,5.255146324971641,39.38202872129893,15.33368762378084,6.038717264031629,0.09679702172446936,0.037988015093736754,0.1258298462187436,0.287109375,1.821428388339405,0,1,1,1,0,0,0,0,0,,
71.11108999999996,1104,,,,0.0078125,0.072265625,-0.98046875,-0.003918577969925443,73.81195800445099,15.625690645540697,0.842278482972813,12615,0,13.032286217585632,5.176793414425786,39.722833952497716,14.258239047894916,5.663776621545489,0.09679702172446936,0.037988015093736754,0.11846758911158389,0.298828125,1.7881390165541058,0,1,1,1,0,0,0,0,0,,
71.255625,1099,,,,-0.1015625,0.083984375,-0.970703125,-0.0037180694687190133,69.62995351774946,15.628082914541707,0.8178874846748905,12446,0,12.605384919069216,4.84608801759102,38.44458577587693,14.368280820529208,5.523826044567226,0.09738571658229717,0.03722400645235095,0.11391893531093976,0.298828125,1.745929571366669,0,1,1,1,0,0,0,0,0,,
71.36792999999999,1095,,,,-0.083984375,0.0859375,-0.96875,-0.00347600719475797,67.77135249542896,15.6300394689661,0.8106137856025245,12337,0,12.511711218809058,4.49057757848283,35.89099444472529,15.091901055259342,5.416633369346568,0.09858004362513464,0.03671624162654435,0.1118973849680497,0.294921875,1.705062975619091,0,1,1,1,0,0,0,0,0,,
71.47038,1091,,,,-0.015625,0.05078125,-0.98828125,-0.0035348354377472578,67.07913891631684,15.632108210454344,0.7814802483435033,12203,0,12.053690907148043,4.517089681248649,37.47474293180969,14.850079066345723,5.565028955283545,0.098522571698241,0.03703919161997883,0.11114448287588355,0.279296875,1.6726416221336127,0,1,1,1,0,0,0,0,0,,
71.58176,1087,,,,0.03125,0.12109375,-0.998046875,-0.0033113047097122882,67.07913891631684,15.633569292935004,0.7568331318441865,12117,0,11.680791467315725,4.201648847559179,35.970583494413916,15.96495598514484,5.7426878224829565,0.09963233456474166,0.03657618869672764,0.11114448287588355,0.267578125,1.642460412036551,0,1,1,1,0,0,0,0,0,,
71.68578999999998,1084,,,,-0.01171875,0.060546875,-0.970703125,-0.003111750196188958,66.30747813029966,15.635600911891572,0.7244155780376762,11877,0,11.209890519780938,3.870354576231152,34.526247775582966,17.13214560172627,5.915087039725651,0.10024571148409732,0.035839374115521544,0.11030516819358548,0.251953125,1.6096752875071132,0,1,1,1,0,0,0,0,0,,
71.79729000000003,1080,,,,-0.044921875,0.05078125,-1.017578125,-0.003111750196188958,64.16923953019811,15.63984121257086,0.672330145805327,11687,0,10.393940209837297,3.8082267338221394,36.63891322193542,16.850162559988764,6.173716438109335,0.10024571148409732,0.035839374115521544,0.10797946357849857,0.234375,1.5770184391260156,0,1,1,1,0,0,0,0,0,,
71.89986500000005,1077,,,,-0.02734375,0.072265625,-0.958984375,-0.0026122893958054746,64.16923953019811,15.642961762255034,0.6394977438585867,11364,0,9.864250577953012,3.1086005261777436,31.51380332050352,20.642484934884504,6.5052321028440705,0.10070052985716932,0.03306908187569625,0.10797946357849857,0.22265625,1.5442861386300069,0,1,1,1,0,0,0,0,0,,
72.00934499999997,1073,,,,-0.03125,0.068359375,-0.99609375,-0.002277178558661999,61.24755468545158,15.645858688040216,0.5996884226107821,11126,0,9.234016958589619,2.653234606779855,28.73326547566904,23.08410817835131,6.63281808557631,0.10168868649360906,0.03179584916785616,0.10480162555474679,0.212890625,1.5127503888108629,0,1,1,1,0,0,0,0,0,,
72.12376499999995,1069,,,,-0.0078125,0.0859375,-0.9609375,-0.002277178558661999,57.51419667397488,15.648729389216202,0.5621642385195933,10799,0,8.654514604298488,2.5752578471554983,29.756236656836077,22.333374010490715,6.64557162401794,0.10168868649360906,0.03179584916785616,0.10074095245837172,0.21484375,1.479406372064012,0,1,1,1,0,0,0,0,0,,
72.260125,1066,,,,-0.0078125,0.10546875,-1.0234375,-0.0015508981253065876,54.039731148779346,15.6511871821391,0.5329963512058571,10452,0,8.184322962784892,1.6975592568653062,20.741596642560587,31.833781902004706,6.602834638186268,0.10462032809670842,0.029713619483043133,0.09696186975613082,0.224609375,1.445490422294134,0,1,1,1,0,0,0,0,0,,
72.39978999999998,1061,,,,-0.01171875,0.064453125,-0.994140625,-0.0011488650387751446,48.948499804468916,15.65357668210853,0.4860736241801924,10216,0,7.4827766316783135,1.2290247141481099,16.42471471011225,39.82710782052681,6.541488836810333,0.10656091621861381,0.02883340412848079,0.0914242743571068,0.232421875,1.4016935709671174,0,1,1,1,0,0,0,0,0,,
72.59971000000002,1054,,,,-0.025390625,0.083984375,-0.982421875,-0.0006500462801635825,44.95354048563072,15.657214272956509,0.4403082529912816,9682,0,6.772666637516311,0.6590682513976052,9.731296203873107,68.20771656092258,6.637494932441587,0.10794976466252051,0.026867845809922568,0.0870790645547652,0.244140625,1.3353089700733727,0,1,1,1,0,0,0,0,0,,
72.70269999999995,1050,,,,-0.017578125,0.037109375,-1.0078125,-0.0006500462801635825,43.04231419764879,15.659942874778576,0.42548548853046336,9369,0,6.576679962528093,0.6377821898973639,9.697631533406694,67.4874822148537,6.544687356369886,0.10794976466252051,0.026867845809922568,0.08500027512582875,0.251953125,1.3033161519186736,0,1,1,1,0,0,0,0,0,,
72.81510000000003,1046,,,,-0.0078125,0.078125,-0.982421875,-0.0001490262984470801,39.84721390582634,15.66231185397574,0.39224704640834895,9203,0,6.041660064356468,0.1436210275082355,2.3771782254937803,0,6.595408129780418,0.10972590478946614,0.025220355135181137,0.08152505047409714,0.248046875,1.2725630429145465,0,1,1,1,0,0,0,0,0,,
72.91806,1043,,,,-0.03125,0.07421875,-0.9921875,0.0002652780903937265,39.84721390582634,15.664825323254671,0.36806705945916796,8897,0,5.629887005915762,0.24716119647926746,4.390162648372088,0,7.077799938783097,0.11062581507559573,0.023370404698684594,0.08152505047409714,0.244140625,1.2412294474653636,0,1,1,1,0,0,0,0,0,,
73.02764500000002,1039,,,,-0.02734375,0.078125,-0.99609375,0.0002652780903937265,35.44612761502051,15.666365193901147,0.3455691098430683,8719,0,5.260778138533846,0.24221572213077228,4.604180517642522,0,6.737810772780313,0.11062581507559573,0.023370404698684594,0.07673810728757122,0.234375,1.2115698287603671,0,1,1,1,0,0,0,0,0,,
73.13533499999997,1036,,,,0.009765625,0.037109375,-0.951171875,0.0007408139423088988,34.069393601931424,15.668457968287811,0.31405981035065694,8359,0,4.754791689568256,0.6484817314819745,13.63848878815673,52.53716789225917,7.165275752600844,0.11343838126836112,0.022772604182783682,0.07524067073028695,0.228515625,1.1802558832403083,0,1,1,1,0,0,0,0,0,,
73.24516500000004,1032,,,,-0.01953125,0.07421875,-0.974609375,0.0009969109949658893,34.069393601931424,15.670601166318264,0.29013787426245724,8017,0,4.398725567643999,0.8369552874414707,19.02722219358077,40.70634849094485,7.74528737426539,0.11408059006443332,0.021702750746172724,0.07524067073028695,0.22265625,1.1494653808119644,0,1,1,1,0,0,0,0,0,,
73.35133000000002,1028,,,,-0.02734375,0.06640625,-0.984375,0.00102593656967262,32.64757827159571,15.672419944984,0.27105612151271197,7722,0,4.0975355662548925,0.829667155008553,20.24795493762756,39.35021179819894,7.967613152760327,0.1144153800633321,0.021806090563250072,0.07369420043674439,0.216796875,1.1189107839588603,0,1,1,1,0,0,0,0,0,,
73.461435,1025,,,,-0.009765625,0.068359375,-0.99609375,0.00102593656967262,28.865247052858496,15.672718482971971,0.2588435171779615,7544,0,3.9103120138705343,0.8104785492194897,20.726697673857892,35.61506603802953,7.3818270640472194,0.1144153800633321,0.021806090563250072,0.06958026050001953,0.212890625,1.0905058496992424,0,1,1,1,0,0,0,0,0,,
73.56458000000002,1021,,,,-0.052734375,0.03125,-0.962890625,0.0009315887485300669,26.565570081533423,15.67377159223646,0.23853748346465298,7262,0,3.609656449149151,0.708417241497599,19.62561400170322,37.49989204860913,7.359584064515424,0.1143992189642295,0.02238919149545432,0.06707896371061269,0.232421875,1.0610937533913825,0,1,1,1,0,0,0,0,0,,
73.68726500000001,1018,,,,-0.025390625,0.078125,-0.962890625,0.000974564263123949,26.565570081533423,15.675718099405945,0.2258929921243189,7067,0,3.4228625338194596,0.7212777669725837,21.072355662724604,36.83126154440748,7.761214427705858,0.11399561416975144,0.021771299039785724,0.06707896371061269,0.2578125,1.0334423199613474,0,1,1,1,0,0,0,0,0,,
73.82245000000002,1013,,,,0.0078125,0.056640625,-0.984375,0.0014340971893839626,22.61754054954043,15.680398356369864,0.13090924533988121,6447,0,1.98207002513755,0.9682476613187606,48.85032562114283,23.35925141170511,11.411070377279348,0.11420640348954207,0.0190444499984725,0.06278479817519515,0.30859375,0.9948694980679105,0,1,1,1,0,0,0,0,0,,
73.93731,1009,,,,-0.025390625,0.099609375,-0.9765625,0.002451467192604301,18.921246539566116,15.684795001135353,0.06916337747726256,5494,0,1.0032506281790698,1.410353146380315,140.57834670287207,13.415963645791608,18.859939887512205,0.11654398250572438,0.014611203638914421,0.05876443859637777,0.33203125,0.9552525171385385,0,1,1,1,0,0,0,0,0,,
74.04035999999999,1005,,,,-0.0234375,0.03515625,-1.001953125,0.002451467192604301,15.255297934484375,15.687238596475932,0.0454443023247072,4714,0,0.6293134132992975,1.2101012360153498,192.28912183377113,12.606629495493602,24.24117714972182,0.11654398250572438,0.014611203638914421,0.054777084898289495,0.322265625,0.9229640128006031,0,1,1,1,0,0,0,0,0,,
74.158625,1002,,,,0.03125,0.087890625,-0.970703125,0.0032787101986378304,11.018934496988457,15.68891351352207,0.0330409583091401,4162,0,0.43305870010547026,1.4290453738524531,329.98883835018506,7.710696034292712,25.44443627227631,0.12041133885180144,0.012692282467701174,0.05016930632890918,0.30078125,0.8929544593353156,0,1,1,1,0,0,0,0,0,,
74.26534500000002,1000,,,,-0.01171875,0.078125,-0.98828125,0.0033105389442807795,11.018934496988457,15.690661295908114,0.02574761409106209,3260,0,0.3306097641496287,1.1301346559412,341.83341766933387,9.750107599179547,33.32912603271288,0.11995927104624293,0.01210337391610158,0.05016930632890918,0.27734375,0.8612921879049712,0,1,1,1,0,0,0,0,0,,
74.37378499999997,1000,,,,-0.025390625,0.068359375,-0.97265625,0.0033105389442807795,5.534282191565972,15.691529537248986,0.023971607346056273,2757,0,0.29158176465113517,0.9559413199321956,327.8467434600849,5.789353463618997,18.98020679786851,0.11995927104624293,0.01210337391610158,0.04420379753196654,0.25390625,0.8345624068393095,0,1,1,1,0,0,0,0,0,,
74.47665000000002,1000,,,,0.009765625,0.060546875,-0.978515625,0.0034723313574247998,4.396408783905746,15.692230753997737,0.022208602675638543,2046,0,0.2703711941835825,0.7439070682995147,275.1428718380407,5.9098897849639025,16.26064047681269,0.12109386387661844,0.012052284536945066,0.0429661632307925,0.23046875,0.807104151912055,0,1,1,1,0,0,0,0,0,,
74.59239500000002,1000,,,,-0.013671875,0.05859375,-0.98046875,0.003507017522940781,4.396408783905746,15.692672876078761,0.025605373315682863,1961,0,0.32105168578341536,0.7200964609928018,224.2930010585853,6.10530536123506,13.693772618504818,0.12133006635909022,0.012035297400815718,0.0429661632307925,0.208984375,0.7825889483395905,0,1,1,1,0,0,0,0,0,,
74.72344,1000,,,,-0.0078125,0.05859375,-0.978515625,0.0034292252941326576,2.6550992168669003,15.694343094071511,0.023050947739095176,1711,0,0.3153540105582965,0.614576301013488,194.8845679575961,4.320210871275736,8.419424291342816,0.12147560479643699,0.012652260790449251,0.04107218764913155,0.189453125,0.7530284954224987,0,1,1,1,0,0,0,0,0,,
74.85476000000001,1000,,,,-0.0078125,0.064453125,-0.990234375,0.0033083218967656382,2.001779413027812,15.694253879986977,0.019129697731941068,713,0,0.28656330044965395,0.24688562996643254,86.15395955415012,8.108124451390635,6.985470260451244,0.1210407620523491,0.013044479999659382,0.04036158927023965,0.171875,0.7248538212187862,0,1,1,1,0,0,0,0,0,,
75.05744,1000,,,,-0.001953125,0.0625,-0.994140625,0.0031182051329713203,0.39728347937731273,15.695676661401642,0.020712299278042606,0,0,0.30514617694274526,0,0,0,0,0.12073836111592193,0.013988155962147709,0.03861642219786433,0.15234375,0.6778014767050707,0,1,1,1,0,0,0,0,0,,
75.16275999999995,1000,,,,-0.01171875,0.080078125,-0.9921875,0.003205643636460988,0.39728347937731273,15.696764942519303,0.02050128446352966,0,0,0.2557620627113974,0,0,0,0,0.12069232559052386,0.013395455101607638,0.03861642219786433,0.134765625,0.6546364547679544,0,1,1,1,0,0,0,0,0,,
75.27233000000001,1000,,,,-0.01953125,0.080078125,-1.001953125,0.0030181423736348684,-0.26614691005918417,15.697745852102972,0.017026210531346824,0,0,0.2393119067254801,0,0,0,0,0.1200065974682819,0.013993985650317143,0.03789482680695328,0.126953125,0.6342430074252893,0,1,1,1,0,0,0,0,0,,
75.37571999999997,1000,,,,-0.009765625,0.08203125,-0.994140625,0.0030181423736348684,-1.0232116413282888,15.698603848854592,0.01718764651441864,0,0,0.26143997122172236,0,0,0,0,0.1200065974682819,0.013993985650317143,0.03707138786082797,0.12109375,0.6135355851694998,0,1,1,1,0,0,0,0,0,,
75.48479999999999,1000,,,,0,0.078125,-0.99609375,0.0027658234577864504,-1.0232116413282888,15.698873335445512,0,0,0,0.2422102235875392,0,0,0,0,0.1194613369532516,0.015123040427737449,0.03707138786082797,0.11328125,0.5939614520903421,0,1,1,1,0,0,0,0,0,,
75.58822500000004,1000,,,,0,0.07421875,-0.994140625,0.0026431700444824605,-0.7016449454818983,15.69831259338103,0,0,0,0.21029427863175193,0,0,0,0,0.11904156328385651,0.015539249833424074,0.03742114730701544,0.103515625,0.5745666027897712,0,1,1,1,0,0,0,0,0,,
75.69627999999997,1000,,,,0,0.078125,-0.99609375,0.0026431700444824605,-0.022579395934828113,15.69943219841074,0,0,0,0.19718720393068678,0,0,0,0,0.11904156328385651,0.015539249833424074,0.03815974864105419,0.09765625,0.5565418644155126,0,1,1,1,0,0,0,0,0,,
75.80229999999999,1000,,,,0,0.078125,-0.99609375,0.002317060384672638,0.35466049174362574,15.700426183360335,0.016839429650129238,0,0,0.2280954556040199,0,0,0,0,0.11671338541057986,0.01560683418631947,0.03857006232060659,0.091796875,0.5381808343446417,0,1,1,1,0,0,0,0,0,,
75.91494,1000,,,,0,0.07421875,-0.994140625,0.0021538441049118074,0.35466049174362574,15.700799468564865,0.01507667249644485,0,0,0.218356283429619,0,0,0,0,0.1162372290834487,0.016231359210964535,0.03857006232060659,0.0859375,0.5216422072931602,0,1,1,1,0,0,0,0,0,,
76.01906,1000,,,,0,0.078125,-0.99609375,0.002232133379166707,0.40836227257085195,15.701322157434658,0.015851959700330393,0,0,0.2628267684520601,0,0,0,0,0.11628011685279661,0.015772774119334945,0.038628472303244794,0.08203125,0.5041944797823581,0,1,1,1,0,0,0,0,0,,
76.16664500000002,1000,,,,0,0.076171875,-0.994140625,0.002232133379166707,0.04745109833509239,15.702357812414046,0,0,0,0.2201916118065842,0,0,0,0,0.11628011685279661,0.015772774119334945,0.03823591892612557,0.078125,0.48784037223118126,0,1,1,1,0,0,0,0,0,,
76.30916999999998,1000,,,,0,0.078125,-0.99609375,0.002259326205842109,-0.6894323847161912,15.70275513391337,0,0,0,0.18317039059543613,0,0,0,0,0.11749822399890583,0.01664490939679789,0.03743443058089025,0.07421875,0.4656991644820987,0,1,1,1,0,0,0,0,0,,
76.42042000000004,1000,,,,0,0.076171875,-0.994140625,0.002310849259482936,-1.3435139357654224,15.70375052782648,0,0,0,0.18156339244716607,0,0,0,0,0.11792653133123855,0.016686069031647606,0.0367230036700459,0.072265625,0.44635874189154795,0,1,1,1,0,0,0,0,0,,
76.52984000000002,1000,,,,0,0.076171875,-0.994140625,0.0024075913203137713,-1.3435139357654224,15.705499052393613,0,0,0,0.16102271137698107,0,0,0,0,0.11809164793087006,0.016215507350878785,0.0367230036700459,0.0703125,0.43157324535163777,0,1,1,1,0,0,0,0,0,,
76.64057000000001,1000,,,,0,0.076171875,-0.994140625,0.002502616482705673,-1.7209525568862543,15.705906585544167,0,0,0,0.17531797357787637,0,0,0,0,0.1180138929696033,0.01554761380396166,0.03631247383347337,0.068359375,0.41746215472919396,0,1,1,1,0,0,0,0,0,,
76.74830499999999,1000,,,,0,0.078125,-0.99609375,0.002502616482705673,-1.8009057034170517,15.705748020991136,0.01588014698580506,0,0,0.21709103681483113,0,0,0,0,0.1180138929696033,0.01554761380396166,0.036225510946418314,0.06640625,0.40373785285689245,0,1,1,1,0,0,0,0,0,,
76.88215999999997,1000,,,,0,0.078125,-0.99609375,0.0023786028026507077,-1.25561442845239,15.706260268427988,0.016703607537891945,0,0,0.22547343358726585,0,0,0,0,0.11795581823410226,0.01628248631995386,0.03681860959999781,0.064453125,0.39065633834562585,0,1,1,1,0,0,0,0,0,,
77.019,1000,,,,0,0.078125,-0.99609375,0.00234744654018899,-0.4661447905138257,15.707518310738841,0,0,0,0.20537418887211756,0,0,0,0,0.11794219517538186,0.016467939258975797,0.037677294491542425,0.064453125,0.3750071387227171,0,1,1,1,0,0,0,0,0,,
77.13370500000002,1000,,,,0,0.078125,-0.99609375,0.0024156190825564165,-0.4661447905138257,15.707274720234624,0.015235272671972468,0,0,0.22197149917496395,0,0,0,0,0.11812407975150221,0.016192515631209048,0.037677294491542425,0.0625,0.3600168356903925,0,1,1,1,0,0,0,0,0,,
77.23442499999999,1000,,,,0,0.076171875,-0.994140625,0.002700690933457588,0.37098650317035864,15.708090130564294,0.01608214928114515,0,0,0.2319426578383702,0,0,0,0,0.11847798053757695,0.014692189635182384,0.038587819684129686,0.0625,0.34814773385302794,0,1,1,1,0,0,0,0,0,,
77.45006500000001,1000,,,,0,0.078125,-0.99609375,0.002700690933457588,0.57143906775192,15.707284905821695,0,0,0,0.18383147109631784,0,0,0,0,0.11847798053757695,0.014692189635182384,0.03880584654723617,0.0625,0.3292089275078676,0,1,1,1,0,0,0,0,0,,
77.630195,1000,,,,0,0.078125,-0.994140625,0.002487480198379986,0.8798838095015029,15.708649410643584,0,0,0,0.2037453862616369,0,0,0,0,0.11843430961318994,0.016003774246159026,0.03914133359688172,0.060546875,0.3158998643097682,0,1,1,1,0,0,0,0,0,,
77.74460999999998,1000,,,,0,0.078125,-0.99609375,0.002399976545592831,1.0737587831777915,15.710534230006434,0,0,0,0.2081707101890795,0,0,0,0,0.1181557672286162,0.0163186518221552,0.03935220619127197,0.060546875,0.29929836462380865,0,1,1,1,0,0,0,0,0,,
77.84721000000002,1000,,,,0,0.078125,-0.99609375,0.0023233870283313595,1.0737587831777915,15.711156280041426,0,0,0,0.21883977174925281,0,0,0,0,0.11738841506426882,0.01614545506730324,0.03935220619127197,0.060546875,0.2894339213485185,0,1,1,1,0,0,0,0,0,,
77.95566000000004,1000,,,,0,0.078125,-0.99609375,0.0023233870283313595,-0.041018170230077526,15.712090720326023,0,0,0,0.17427934140529103,0,0,0,0,0.11738841506426882,0.01614545506730324,0.038139693282184056,0.05859375,0.2804359342171348,0,1,1,1,0,0,0,0,0,,
78.05699000000006,1000,,,,0,0.076171875,-0.994140625,0.00230466774310459,-0.6874620954358327,15.712328450993695,0,0,0,0.1699055917793119,0,0,0,0,0.11726199170164053,0.01615552219078894,0.03743657361154743,0.05859375,0.27113032187431496,0,1,1,1,0,0,0,0,0,,
78.17077499999996,1000,,,,0,0.078125,-0.99609375,0.0023105889616208313,-0.6874620954358327,15.712808757023142,0,0,0,0.19902096769674177,0,0,0,0,0.11723551789577716,0.016095363699053775,0.03743657361154743,0.05859375,0.26271613131881855,0,1,1,1,0,0,0,0,0,,
78.27217999999999,1000,,,,0,0.078125,-0.99609375,0.002469580002008949,-1.1742578014207188,15.71305155793004,0,0,0,0.22325150189865195,0,0,0,0,0.11795751120993203,0.0157083094795967,0.03690709901504554,0.05859375,0.25403874124161546,0,1,1,1,0,0,0,0,0,,
78.380125,1000,,,,0,0.078125,-0.99609375,0.002469580002008949,-1.2755409137400482,15.713543472069507,0,0,0,0.1894556211098214,0,0,0,0,0.11795751120993203,0.0157083094795967,0.03679693609789483,0.05859375,0.24609655215669712,0,1,1,1,0,0,0,0,0,,
78.48296500000002,1000,,,,0,0.078125,-0.99609375,0.0026561511500651836,-1.4420527031627561,15.71359948312876,0,0,0,0.18693334449059446,0,0,0,0,0.11847120557956635,0.014968192716456342,0.036615825703054716,0.05859375,0.23835081488048096,0,1,1,1,0,0,0,0,0,,
78.59251,1000,,,,0,0.078125,-0.99609375,0.002508104504409933,-1.4420527031627561,15.714574574011207,0,0,0,0.1589876365580256,0,0,0,0,0.11790790152503046,0.01542203191064107,0.036615825703054716,0.05859375,0.2310138718346157,0,1,1,1,0,0,0,0,0,,
78.69540499999997,1000,,,,0,0.076171875,-0.994140625,0.002508104504409933,-1.5665244185782512,15.714847806729097,0,0,0,0.16904402876049796,0,0,0,0,0.11790790152503046,0.01542203191064107,0.03648044116599891,0.05859375,0.22349838553837464,0,1,1,1,0,0,0,0,0,,
78.81227499999997,1000,,,,0,0.076171875,-0.994140625,0.0023116705678361844,-1.4609855612624694,15.715645586229753,0,0,0,0.22547886070538622,0,0,0,0,0.11615136604669594,0.015159160809732787,0.03659523294251939,0.05859375,0.21633594805128462,0,1,1,1,0,0,0,0,0,,
78.93693499999999,1000,,,,0,0.078125,-0.99609375,0.0020743291934022324,-1.4609855612624694,15.715869021046888,0,0,0,0.1757211601595814,0,0,0,0,0.11517461200660782,0.01582356418586074,0.03659523294251939,0.05859375,0.20881949655945425,0,1,1,1,0,0,0,0,0,,
79.06360499999998,1000,,,,0,0.078125,-0.99609375,0.0020189488338739786,-0.07545600351302892,15.715978622942078,0,0,0,0.21977994541495133,0,0,0,0,0.11527863003674027,0.016263131667157087,0.03810223617716502,0.05859375,0.20165668190912925,0,1,1,1,0,0,0,0,0,,
79.16858500000002,1000,,,,0,0.076171875,-0.994140625,0.0022664456867321037,0.16792493399027103,15.715726209652395,0,0,0,0.22405101506455344,0,0,0,0,0.11681026432873082,0.0160101287147122,0.03836695507689339,0.05859375,0.19440863858455834,0,1,1,1,0,0,0,0,0,,
